nan nan nan nan 0 0 0 0 1.495 -0.00033336 0.04875
0.032971 1.715e-18 0 -2.1799e-11 14990 149 1 0.0010003 1.495 0.00066698 0.04875
0.08242 4.2872e-18 0 -2.1799e-11 15020 149 1 0.0020007 1.495 0.0016673 0.04875
0.13187 6.8594e-18 0 -2.1799e-11 15050 149 1 0.003001 1.495 0.0026676 0.04875
0.18132 9.4317e-18 0 -2.1799e-11 15080 149 1 0.0040013 1.495 0.003668 0.04875
0.23077 1.2004e-17 0 -2.1799e-11 15110 149 1 0.0050017 1.495 0.0046683 0.04875
0.28022 1.4576e-17 0 -2.1799e-11 15141 149 1 0.006002 1.495 0.0056686 0.04875
0.32967 1.7148e-17 0 -2.1799e-11 15171 149 1 0.0070023 1.495 0.006669 0.04875
0.37912 1.972e-17 0 -2.1799e-11 15201 149 1 0.0080027 1.495 0.0076693 0.04875
0.42857 2.2293e-17 0 -2.1799e-11 15231 149 1 0.009003 1.495 0.0086696 0.04875
0.47801 2.4865e-17 0 -2.1799e-11 15261 149 1 0.010003 1.495 0.00967 0.04875
0.52679 -4.6908e-18 0 -2.1799e-11 15291 449 1 0.011004 1.495 0.01067 0.04875
0.57524 -5.0065e-17 0 -2.18e-11 15321 449 1 0.012004 1.495 0.011671 0.04875
0.62369 -9.5438e-17 0 -2.18e-11 15351 449 1 0.013004 1.495 0.012671 0.04875
0.67214 -1.4081e-16 0 -2.1801e-11 15381 449 1 0.014005 1.495 0.013671 0.04875
0.72059 -1.8619e-16 0 -2.1801e-11 15412 449 1 0.015005 1.495 0.014672 0.04875
0.76904 -2.3156e-16 0 -2.1801e-11 15442 449 1 0.016005 1.495 0.015672 0.04875
0.81749 -2.7693e-16 0 -2.1802e-11 15472 449 1 0.017006 1.495 0.016672 0.04875
0.86594 -3.2231e-16 0 -2.1802e-11 15502 449 1 0.018006 1.495 0.017673 0.04875
0.91439 -3.6768e-16 0 -2.1803e-11 15532 449 1 0.019006 1.495 0.018673 0.04875
0.96283 -4.1305e-16 0 -2.1803e-11 15562 449 1 0.020007 1.495 0.019673 0.04875
1.0106 -4.5937e-16 0 -2.1804e-11 15592 749 1 0.021007 1.495 0.020674 0.04875
1.0581 -5.0615e-16 0 -2.1804e-11 15622 749 1 0.022007 1.495 0.021674 0.04875
1.1055 -5.5293e-16 0 -2.1805e-11 15652 749 1 0.023008 1.495 0.022674 0.04875
1.153 -5.997e-16 0 -2.1806e-11 15683 749 1 0.024008 1.495 0.023675 0.04875
1.2004 -6.4648e-16 0 -2.1806e-11 15713 749 1 0.025008 1.495 0.024675 0.04875
1.2479 -6.9326e-16 0 -2.1807e-11 15743 749 1 0.026009 1.495 0.025675 0.04875
1.2953 -7.4003e-16 0 -2.1807e-11 15773 749 1 0.027009 1.495 0.026676 0.04875
1.3428 -7.8681e-16 0 -2.1808e-11 15803 749 1 0.028009 1.495 0.027676 0.04875
1.3902 -8.3359e-16 0 -2.1809e-11 15833 749 1 0.02901 1.495 0.028676 0.04875
1.4377 -8.8036e-16 0 -2.1809e-11 15863 749 1 0.03001 1.495 0.029677 0.04875
1.4844 -9.0568e-16 0 -2.181e-11 15893 1049 1 0.03101 1.495 0.030677 0.04875
1.5309 -9.2076e-16 0 -2.181e-11 15923 1049 1 0.032011 1.495 0.031677 0.04875
1.5773 -9.3583e-16 0 -2.1811e-11 15954 1049 1 0.033011 1.495 0.032678 0.04875
1.6238 -9.509e-16 0 -2.1812e-11 15984 1049 1 0.034011 1.495 0.033678 0.04875
1.6702 -9.6597e-16 0 -2.1812e-11 16014 1049 1 0.035012 1.495 0.034678 0.04875
1.7167 -9.8104e-16 0 -2.1813e-11 16044 1049 1 0.036012 1.495 0.035679 0.04875
1.7631 -9.9612e-16 0 -2.1813e-11 16074 1049 1 0.037012 1.495 0.036679 0.04875
1.8096 -1.0112e-15 0 -2.1814e-11 16104 1049 1 0.038013 1.495 0.037679 0.04875
1.856 -1.0263e-15 0 -2.1815e-11 16134 1049 1 0.039013 1.495 0.03868 0.04875
1.9025 -1.0413e-15 0 -2.1815e-11 16164 1049 1 0.040013 1.495 0.03968 0.04875
1.9482 -1.0681e-15 0 -2.1815e-11 16194 1349 1 0.041014 1.495 0.04068 0.04875
1.9937 -1.1003e-15 0 -2.1815e-11 16225 1349 1 0.042014 1.495 0.041681 0.04875
2.0391 -1.1325e-15 0 -2.1815e-11 16255 1349 1 0.043014 1.495 0.042681 0.04875
2.0846 -1.1647e-15 0 -2.1815e-11 16285 1349 1 0.044015 1.495 0.043681 0.04875
2.13 -1.1969e-15 0 -2.1815e-11 16315 1349 1 0.045015 1.495 0.044682 0.04875
2.1755 -1.2291e-15 0 -2.1815e-11 16345 1349 1 0.046015 1.495 0.045682 0.04875
2.2209 -1.2613e-15 0 -2.1815e-11 16375 1349 1 0.047016 1.495 0.046682 0.04875
2.2664 -1.2936e-15 0 -2.1815e-11 16405 1349 1 0.048016 1.495 0.047683 0.04875
2.3118 -1.3258e-15 0 -2.1815e-11 16435 1349 1 0.049016 1.495 0.048683 0.04875
2.3573 -1.358e-15 0 -2.1815e-11 16465 1349 1 0.050017 1.495 0.049683 0.04875
2.402 -1.3977e-15 0 -2.1814e-11 16496 1649 1 0.051017 1.495 0.050684 0.04875
2.4465 -1.4408e-15 0 -2.1814e-11 16526 1649 1 0.052017 1.495 0.051684 0.04875
2.4909 -1.4839e-15 0 -2.1813e-11 16556 1649 1 0.053018 1.495 0.052684 0.04875
2.5354 -1.5271e-15 0 -2.1813e-11 16586 1649 1 0.054018 1.495 0.053685 0.04875
2.5798 -1.5702e-15 0 -2.1812e-11 16616 1649 1 0.055018 1.495 0.054685 0.04875
2.6243 -1.6133e-15 0 -2.1811e-11 16646 1649 1 0.056019 1.495 0.055685 0.04875
2.6687 -1.6564e-15 0 -2.1811e-11 16676 1649 1 0.057019 1.495 0.056686 0.04875
2.7132 -1.6996e-15 0 -2.181e-11 16706 1649 1 0.058019 1.495 0.057686 0.04875
2.7576 -1.7427e-15 0 -2.181e-11 16736 1649 1 0.05902 1.495 0.058686 0.04875
2.8021 -1.7858e-15 0 -2.1809e-11 16767 1649 1 0.06002 1.495 0.059687 0.04875
2.8458 -1.8258e-15 0 -2.1809e-11 16797 1949 1 0.06102 1.495 0.060687 0.04875
2.8893 -1.8643e-15 0 -2.1808e-11 16827 1949 1 0.062021 1.495 0.061687 0.04875
2.9327 -1.9028e-15 0 -2.1808e-11 16857 1949 1 0.063021 1.495 0.062688 0.04875
2.9762 -1.9413e-15 0 -2.1807e-11 16887 1949 1 0.064021 1.495 0.063688 0.04875
3.0196 -1.9798e-15 0 -2.1807e-11 16917 1949 1 0.065022 1.495 0.064688 0.04875
3.0631 -2.0183e-15 0 -2.1807e-11 16947 1949 1 0.066022 1.495 0.065689 0.04875
3.1065 -2.0568e-15 0 -2.1806e-11 16977 1949 1 0.067022 1.495 0.066689 0.04875
3.15 -2.0953e-15 0 -2.1806e-11 17007 1949 1 0.068023 1.495 0.067689 0.04875
3.1934 -2.1338e-15 0 -2.1806e-11 17038 1949 1 0.069023 1.495 0.06869 0.04875
3.2369 -2.1723e-15 0 -2.1805e-11 17068 1949 1 0.070023 1.495 0.06969 0.04875
3.2796 -2.2131e-15 0 -2.1805e-11 17098 2249 1 0.071024 1.495 0.07069 0.04875
3.3221 -2.2549e-15 0 -2.1804e-11 17128 2249 1 0.072024 1.495 0.071691 0.04875
3.3645 -2.2968e-15 0 -2.1804e-11 17158 2249 1 0.073024 1.495 0.072691 0.04875
3.407 -2.3387e-15 0 -2.1803e-11 17188 2249 1 0.074025 1.495 0.073691 0.04875
3.4494 -2.3805e-15 0 -2.1803e-11 17218 2249 1 0.075025 1.495 0.074692 0.04875
3.4919 -2.4224e-15 0 -2.1802e-11 17248 2249 1 0.076025 1.495 0.075692 0.04875
3.5343 -2.4642e-15 0 -2.1802e-11 17278 2249 1 0.077026 1.495 0.076692 0.04875
3.5768 -2.5061e-15 0 -2.1802e-11 17309 2249 1 0.078026 1.495 0.077693 0.04875
3.6192 -2.5479e-15 0 -2.1801e-11 17339 2249 1 0.079026 1.495 0.078693 0.04875
3.6617 -2.5898e-15 0 -2.1801e-11 17369 2249 1 0.080027 1.495 0.079693 0.04875
3.7034 -2.6276e-15 0 -2.18e-11 17399 2549 1 0.081027 1.495 0.080694 0.04875
3.7449 -2.6637e-15 0 -2.1798e-11 17429 2549 1 0.082027 1.495 0.081694 0.04875
3.7863 -2.6997e-15 0 -2.1797e-11 17459 2549 1 0.083028 1.495 0.082694 0.04875
3.8278 -2.7358e-15 0 -2.1796e-11 17489 2549 1 0.084028 1.495 0.083695 0.04875
3.8692 -2.7719e-15 0 -2.1795e-11 17519 2549 1 0.085028 1.495 0.084695 0.04875
3.9107 -2.8079e-15 0 -2.1794e-11 17549 2549 1 0.086029 1.495 0.085695 0.04875
3.9521 -2.844e-15 0 -2.1792e-11 17579 2549 1 0.087029 1.495 0.086696 0.04875
3.9936 -2.8801e-15 0 -2.1791e-11 17610 2549 1 0.088029 1.495 0.087696 0.04875
4.035 -2.9161e-15 0 -2.179e-11 17640 2549 1 0.08903 1.495 0.088696 0.04875
4.0765 -2.9522e-15 0 -2.1789e-11 17670 2549 1 0.09003 1.495 0.089697 0.04875
4.1172 -2.9657e-15 0 -2.1789e-11 17700 2849 1 0.09103 1.495 0.090697 0.04875
4.1577 -2.9693e-15 0 -2.179e-11 17730 2849 1 0.092031 1.495 0.091697 0.04875
4.1981 -2.9729e-15 0 -2.179e-11 17760 2849 1 0.093031 1.495 0.092698 0.04875
4.2386 -2.9766e-15 0 -2.1791e-11 17790 2849 1 0.094031 1.495 0.093698 0.04875
4.279 -2.9802e-15 0 -2.1792e-11 17820 2849 1 0.095032 1.495 0.094698 0.04875
4.3195 -2.9839e-15 0 -2.1793e-11 17850 2849 1 0.096032 1.495 0.095699 0.04875
4.3599 -2.9875e-15 0 -2.1793e-11 17881 2849 1 0.097032 1.495 0.096699 0.04875
4.4004 -2.9911e-15 0 -2.1794e-11 17911 2849 1 0.098033 1.495 0.097699 0.04875
4.4408 -2.9948e-15 0 -2.1795e-11 17941 2849 1 0.099033 1.495 0.0987 0.04875
4.4813 -2.9984e-15 0 -2.1796e-11 17971 2849 1 0.10003 1.495 0.0997 0.04875
4.521 -2.9858e-15 0 -2.1797e-11 18001 3149 1 0.10103 1.495 0.1007 0.04875
4.5605 -2.9661e-15 0 -2.1799e-11 18031 3149 1 0.10203 1.495 0.1017 0.04875
4.5999 -2.9465e-15 0 -2.1801e-11 18061 3149 1 0.10303 1.495 0.1027 0.04875
4.6394 -2.9269e-15 0 -2.1803e-11 18091 3149 1 0.10403 1.495 0.1037 0.04875
4.6788 -2.9073e-15 0 -2.1805e-11 18121 3149 1 0.10503 1.495 0.1047 0.04875
4.7183 -2.8876e-15 0 -2.1807e-11 18152 3149 1 0.10604 1.495 0.1057 0.04875
4.7577 -2.868e-15 0 -2.1809e-11 18182 3149 1 0.10704 1.495 0.1067 0.04875
4.7972 -2.8484e-15 0 -2.1811e-11 18212 3149 1 0.10804 1.495 0.1077 0.04875
4.8366 -2.8287e-15 0 -2.1813e-11 18242 3149 1 0.10904 1.495 0.1087 0.04875
4.8761 -2.8091e-15 0 -2.1815e-11 18272 3149 1 0.11004 1.495 0.1097 0.04875
4.9148 -2.7998e-15 0 -2.1816e-11 18302 3449 1 0.11104 1.495 0.1107 0.04875
4.9533 -2.7948e-15 0 -2.1818e-11 18332 3449 1 0.11204 1.495 0.1117 0.04875
4.9917 -2.7897e-15 0 -2.1819e-11 18362 3449 1 0.11304 1.495 0.1127 0.04875
5.0302 -2.7847e-15 0 -2.1821e-11 18392 3449 1 0.11404 1.495 0.1137 0.04875
5.0686 -2.7797e-15 0 -2.1822e-11 18423 3449 1 0.11504 1.495 0.1147 0.04875
5.1071 -2.7747e-15 0 -2.1824e-11 18453 3449 1 0.11604 1.495 0.11571 0.04875
5.1455 -2.7697e-15 0 -2.1825e-11 18483 3449 1 0.11704 1.495 0.11671 0.04875
5.184 -2.7647e-15 0 -2.1827e-11 18513 3449 1 0.11804 1.495 0.11771 0.04875
5.2224 -2.7597e-15 0 -2.1828e-11 18543 3449 1 0.11904 1.495 0.11871 0.04875
5.2609 -2.7546e-15 0 -2.183e-11 18573 3449 1 0.12004 1.495 0.11971 0.04875
5.2986 -2.7472e-15 0 -2.1831e-11 18603 3749 1 0.12104 1.495 0.12071 0.04875
5.336 -2.7388e-15 0 -2.1833e-11 18633 3749 1 0.12204 1.495 0.12171 0.04875
5.3735 -2.7304e-15 0 -2.1834e-11 18663 3749 1 0.12304 1.495 0.12271 0.04875
5.4109 -2.722e-15 0 -2.1836e-11 18694 3749 1 0.12404 1.495 0.12371 0.04875
5.4484 -2.7135e-15 0 -2.1837e-11 18724 3749 1 0.12504 1.495 0.12471 0.04875
5.4858 -2.7051e-15 0 -2.1838e-11 18754 3749 1 0.12604 1.495 0.12571 0.04875
5.5233 -2.6967e-15 0 -2.184e-11 18784 3749 1 0.12704 1.495 0.12671 0.04875
5.5607 -2.6883e-15 0 -2.1841e-11 18814 3749 1 0.12804 1.495 0.12771 0.04875
5.5982 -2.6798e-15 0 -2.1843e-11 18844 3749 1 0.12904 1.495 0.12871 0.04875
5.6357 -2.6714e-15 0 -2.1844e-11 18874 3749 1 0.13004 1.495 0.12971 0.04875
5.6724 -2.6406e-15 0 -2.1845e-11 18904 4049 1 0.13104 1.495 0.13071 0.04875
5.7088 -2.6005e-15 0 -2.1847e-11 18934 4049 1 0.13204 1.495 0.13171 0.04875
5.7453 -2.5605e-15 0 -2.1848e-11 18965 4049 1 0.13304 1.495 0.13271 0.04875
5.7817 -2.5205e-15 0 -2.185e-11 18995 4049 1 0.13404 1.495 0.13371 0.04875
5.8182 -2.4805e-15 0 -2.1852e-11 19025 4049 1 0.13505 1.495 0.13471 0.04875
5.8546 -2.4404e-15 0 -2.1853e-11 19055 4049 1 0.13605 1.495 0.13571 0.04875
5.8911 -2.4004e-15 0 -2.1855e-11 19085 4049 1 0.13705 1.495 0.13671 0.04875
5.9275 -2.3604e-15 0 -2.1856e-11 19115 4049 1 0.13805 1.495 0.13771 0.04875
5.964 -2.3204e-15 0 -2.1858e-11 19145 4049 1 0.13905 1.495 0.13871 0.04875
6.0004 -2.2803e-15 0 -2.1859e-11 19175 4049 1 0.14005 1.495 0.13971 0.04875
6.0362 -2.2495e-15 0 -2.1862e-11 19205 4349 1 0.14105 1.495 0.14071 0.04875
6.0716 -2.2222e-15 0 -2.1865e-11 19236 4349 1 0.14205 1.495 0.14171 0.04875
6.1071 -2.195e-15 0 -2.1869e-11 19266 4349 1 0.14305 1.495 0.14271 0.04875
6.1425 -2.1678e-15 0 -2.1872e-11 19296 4349 1 0.14405 1.495 0.14371 0.04875
6.178 -2.1406e-15 0 -2.1875e-11 19326 4349 1 0.14505 1.495 0.14471 0.04875
6.2134 -2.1133e-15 0 -2.1879e-11 19356 4349 1 0.14605 1.495 0.14572 0.04875
6.2489 -2.0861e-15 0 -2.1882e-11 19386 4349 1 0.14705 1.495 0.14672 0.04875
6.2843 -2.0589e-15 0 -2.1885e-11 19416 4349 1 0.14805 1.495 0.14772 0.04875
6.3198 -2.0317e-15 0 -2.1888e-11 19446 4349 1 0.14905 1.495 0.14872 0.04875
6.3553 -2.0045e-15 0 -2.1892e-11 19476 4349 1 0.15005 1.495 0.14972 0.04875
6.39 -2.0023e-15 0 -2.1895e-11 19507 4649 1 0.15105 1.495 0.15072 0.04875
6.4244 -2.0101e-15 0 -2.1898e-11 19537 4649 1 0.15205 1.495 0.15172 0.04875
6.4589 -2.0179e-15 0 -2.1902e-11 19567 4649 1 0.15305 1.495 0.15272 0.04875
6.4933 -2.0257e-15 0 -2.1905e-11 19597 4649 1 0.15405 1.495 0.15372 0.04875
6.5278 -2.0335e-15 0 -2.1908e-11 19627 4649 1 0.15505 1.495 0.15472 0.04875
6.5622 -2.0413e-15 0 -2.1912e-11 19657 4649 1 0.15605 1.495 0.15572 0.04875
6.5967 -2.0491e-15 0 -2.1915e-11 19687 4649 1 0.15705 1.495 0.15672 0.04875
6.6312 -2.0569e-15 0 -2.1918e-11 19717 4649 1 0.15805 1.495 0.15772 0.04875
6.6656 -2.0646e-15 0 -2.1922e-11 19747 4649 1 0.15905 1.495 0.15872 0.04875
6.7001 -2.0724e-15 0 -2.1925e-11 19778 4649 1 0.16005 1.495 0.15972 0.04875
6.7338 -2.0695e-15 0 -2.1927e-11 19808 4949 1 0.16105 1.495 0.16072 0.04875
6.7672 -2.0624e-15 0 -2.1928e-11 19838 4949 1 0.16205 1.495 0.16172 0.04875
6.8007 -2.0553e-15 0 -2.193e-11 19868 4949 1 0.16305 1.495 0.16272 0.04875
6.8341 -2.0482e-15 0 -2.1931e-11 19898 4949 1 0.16405 1.495 0.16372 0.04875
6.8676 -2.0411e-15 0 -2.1932e-11 19928 4949 1 0.16506 1.495 0.16472 0.04875
6.9011 -2.034e-15 0 -2.1934e-11 19958 4949 1 0.16606 1.495 0.16572 0.04875
6.9345 -2.0269e-15 0 -2.1935e-11 19988 4949 1 0.16706 1.495 0.16672 0.04875
6.968 -2.0198e-15 0 -2.1936e-11 20018 4949 1 0.16806 1.495 0.16772 0.04875
7.0014 -2.0127e-15 0 -2.1938e-11 20049 4949 1 0.16906 1.495 0.16872 0.04875
7.0349 -2.0056e-15 0 -2.1939e-11 20079 4949 1 0.17006 1.495 0.16972 0.04875
7.0676 -1.9494e-15 0 -2.194e-11 20109 5249 1 0.17106 1.495 0.17072 0.04875
7.1 -1.8745e-15 0 -2.1941e-11 20139 5249 1 0.17206 1.495 0.17172 0.04875
7.1325 -1.7997e-15 0 -2.1942e-11 20169 5249 1 0.17306 1.495 0.17272 0.04875
7.165 -1.7248e-15 0 -2.1943e-11 20199 5249 1 0.17406 1.495 0.17372 0.04875
7.1974 -1.6499e-15 0 -2.1944e-11 20229 5249 1 0.17506 1.495 0.17472 0.04875
7.2299 -1.575e-15 0 -2.1945e-11 20259 5249 1 0.17606 1.495 0.17573 0.04875
7.2623 -1.5001e-15 0 -2.1946e-11 20289 5249 1 0.17706 1.495 0.17673 0.04875
7.2948 -1.4252e-15 0 -2.1947e-11 20320 5249 1 0.17806 1.495 0.17773 0.04875
7.3272 -1.3503e-15 0 -2.1948e-11 20350 5249 1 0.17906 1.495 0.17873 0.04875
7.3597 -1.2755e-15 0 -2.1949e-11 20380 5249 1 0.18006 1.495 0.17973 0.04875
7.3914 -1.1749e-15 0 -2.195e-11 20410 5549 1 0.18106 1.495 0.18073 0.04875
7.4229 -1.0648e-15 0 -2.1952e-11 20440 5549 1 0.18206 1.495 0.18173 0.04875
7.4543 -9.5463e-16 0 -2.1954e-11 20470 5549 1 0.18306 1.495 0.18273 0.04875
7.4858 -8.4448e-16 0 -2.1955e-11 20500 5549 1 0.18406 1.495 0.18373 0.04875
7.5172 -7.3433e-16 0 -2.1957e-11 20530 5549 1 0.18506 1.495 0.18473 0.04875
7.5487 -6.2418e-16 0 -2.1958e-11 20560 5549 1 0.18606 1.495 0.18573 0.04875
7.5801 -5.1403e-16 0 -2.196e-11 20590 5549 1 0.18706 1.495 0.18673 0.04875
7.6116 -4.0388e-16 0 -2.1961e-11 20621 5549 1 0.18806 1.495 0.18773 0.04875
7.643 -2.9372e-16 0 -2.1963e-11 20651 5549 1 0.18906 1.495 0.18873 0.04875
7.6745 -1.8357e-16 0 -2.1964e-11 20681 5549 1 0.19006 1.495 0.18973 0.04875
7.7052 -5.9534e-17 0 -2.1966e-11 20711 5849 1 0.19106 1.495 0.19073 0.04875
7.7357 6.9638e-17 0 -2.1968e-11 20741 5849 1 0.19206 1.495 0.19173 0.04875
7.7661 1.9881e-16 0 -2.197e-11 20771 5849 1 0.19306 1.495 0.19273 0.04875
7.7966 3.2798e-16 0 -2.1972e-11 20801 5849 1 0.19406 1.495 0.19373 0.04875
7.827 4.5716e-16 0 -2.1974e-11 20831 5849 1 0.19507 1.495 0.19473 0.04875
7.8575 5.8633e-16 0 -2.1976e-11 20861 5849 1 0.19607 1.495 0.19573 0.04875
7.8879 7.155e-16 0 -2.1978e-11 20892 5849 1 0.19707 1.495 0.19673 0.04875
7.9184 8.4467e-16 0 -2.198e-11 20922 5849 1 0.19807 1.495 0.19773 0.04875
7.9489 9.7385e-16 0 -2.1982e-11 20952 5849 1 0.19907 1.495 0.19873 0.04875
7.9793 1.103e-15 0 -2.1984e-11 20982 5849 1 0.20007 1.495 0.19973 0.04875
8.009 1.2788e-15 0 -2.1986e-11 21012 6149 1 0.20107 1.495 0.20073 0.04875
8.0385 1.4716e-15 0 -2.1989e-11 21042 6149 1 0.20207 1.495 0.20173 0.04875
8.0679 1.6644e-15 0 -2.1992e-11 21072 6149 1 0.20307 1.495 0.20273 0.04875
8.0974 1.8572e-15 0 -2.1995e-11 21102 6149 1 0.20407 1.495 0.20373 0.04875
8.1269 2.05e-15 0 -2.1998e-11 21132 6149 1 0.20507 1.495 0.20473 0.04875
8.1563 2.2427e-15 0 -2.2e-11 21163 6149 1 0.20607 1.495 0.20574 0.04875
8.1858 2.4355e-15 0 -2.2003e-11 21193 6149 1 0.20707 1.495 0.20674 0.04875
8.2152 2.6283e-15 0 -2.2006e-11 21223 6149 1 0.20807 1.495 0.20774 0.04875
8.2447 2.8211e-15 0 -2.2009e-11 21253 6149 1 0.20907 1.495 0.20874 0.04875
8.2741 3.0139e-15 0 -2.2012e-11 21283 6149 1 0.21007 1.495 0.20974 0.04875
8.3029 3.1924e-15 0 -2.2013e-11 21313 6449 1 0.21107 1.495 0.21074 0.04875
8.3313 3.3658e-15 0 -2.2013e-11 21343 6449 1 0.21207 1.495 0.21174 0.04875
8.3598 3.5393e-15 0 -2.2014e-11 21373 6449 1 0.21307 1.495 0.21274 0.04875
8.3882 3.7127e-15 0 -2.2014e-11 21403 6449 1 0.21407 1.495 0.21374 0.04875
8.4167 3.8861e-15 0 -2.2015e-11 21434 6449 1 0.21507 1.495 0.21474 0.04875
8.4451 4.0595e-15 0 -2.2015e-11 21464 6449 1 0.21607 1.495 0.21574 0.04875
8.4736 4.233e-15 0 -2.2016e-11 21494 6449 1 0.21707 1.495 0.21674 0.04875
8.5021 4.4064e-15 0 -2.2016e-11 21524 6449 1 0.21807 1.495 0.21774 0.04875
8.5305 4.5798e-15 0 -2.2017e-11 21554 6449 1 0.21907 1.495 0.21874 0.04875
8.559 4.7533e-15 0 -2.2017e-11 21584 6449 1 0.22007 1.495 0.21974 0.04875
8.5867 4.8283e-15 0 -2.2019e-11 21614 6749 1 0.22107 1.495 0.22074 0.04875
8.6141 4.8687e-15 0 -2.202e-11 21644 6749 1 0.22207 1.495 0.22174 0.04875
8.6416 4.9091e-15 0 -2.2022e-11 21674 6749 1 0.22307 1.495 0.22274 0.04875
8.6691 4.9496e-15 0 -2.2023e-11 21705 6749 1 0.22407 1.495 0.22374 0.04875
8.6965 4.99e-15 0 -2.2025e-11 21735 6749 1 0.22508 1.495 0.22474 0.04875
8.724 5.0305e-15 0 -2.2027e-11 21765 6749 1 0.22608 1.495 0.22574 0.04875
8.7514 5.0709e-15 0 -2.2028e-11 21795 6749 1 0.22708 1.495 0.22674 0.04875
8.7789 5.1113e-15 0 -2.203e-11 21825 6749 1 0.22808 1.495 0.22774 0.04875
8.8064 5.1518e-15 0 -2.2031e-11 21855 6749 1 0.22908 1.495 0.22874 0.04875
8.8338 5.1922e-15 0 -2.2033e-11 21885 6749 1 0.23008 1.495 0.22974 0.04875
8.8605 5.1874e-15 0 -2.2036e-11 21915 7049 1 0.23108 1.495 0.23074 0.04875
8.887 5.1669e-15 0 -2.204e-11 21945 7049 1 0.23208 1.495 0.23174 0.04875
8.9134 5.1464e-15 0 -2.2043e-11 21976 7049 1 0.23308 1.495 0.23274 0.04875
8.9399 5.1259e-15 0 -2.2047e-11 22006 7049 1 0.23408 1.495 0.23374 0.04875
8.9664 5.1054e-15 0 -2.205e-11 22036 7049 1 0.23508 1.495 0.23474 0.04875
8.9928 5.0849e-15 0 -2.2054e-11 22066 7049 1 0.23608 1.495 0.23575 0.04875
9.0193 5.0645e-15 0 -2.2057e-11 22096 7049 1 0.23708 1.495 0.23675 0.04875
9.0457 5.044e-15 0 -2.2061e-11 22126 7049 1 0.23808 1.495 0.23775 0.04875
9.0722 5.0235e-15 0 -2.2065e-11 22156 7049 1 0.23908 1.495 0.23875 0.04875
9.0987 5.003e-15 0 -2.2068e-11 22186 7049 1 0.24008 1.495 0.23975 0.04875
9.1244 5.0188e-15 0 -2.2072e-11 22216 7349 1 0.24108 1.495 0.24075 0.04875
9.1498 5.047e-15 0 -2.2076e-11 22247 7349 1 0.24208 1.495 0.24175 0.04875
9.1753 5.0751e-15 0 -2.2079e-11 22277 7349 1 0.24308 1.495 0.24275 0.04875
9.2008 5.1033e-15 0 -2.2083e-11 22307 7349 1 0.24408 1.495 0.24375 0.04875
9.2262 5.1314e-15 0 -2.2087e-11 22337 7349 1 0.24508 1.495 0.24475 0.04875
9.2517 5.1595e-15 0 -2.2091e-11 22367 7349 1 0.24608 1.495 0.24575 0.04875
9.2771 5.1877e-15 0 -2.2095e-11 22397 7349 1 0.24708 1.495 0.24675 0.04875
9.3026 5.2158e-15 0 -2.2098e-11 22427 7349 1 0.24808 1.495 0.24775 0.04875
9.3281 5.244e-15 0 -2.2102e-11 22457 7349 1 0.24908 1.495 0.24875 0.04875
9.3535 5.2721e-15 0 -2.2106e-11 22487 7349 1 0.25008 1.495 0.24975 0.04875
9.3782 5.3521e-15 0 -2.211e-11 22518 7649 1 0.25108 1.495 0.25075 0.04875
9.4027 5.4494e-15 0 -2.2115e-11 22548 7649 1 0.25208 1.495 0.25175 0.04875
9.4271 5.5467e-15 0 -2.2119e-11 22578 7649 1 0.25308 1.495 0.25275 0.04875
9.4516 5.644e-15 0 -2.2124e-11 22608 7649 1 0.25408 1.495 0.25375 0.04875
9.4761 5.7413e-15 0 -2.2128e-11 22638 7649 1 0.25509 1.495 0.25475 0.04875
9.5005 5.8386e-15 0 -2.2133e-11 22668 7649 1 0.25609 1.495 0.25575 0.04875
9.525 5.9358e-15 0 -2.2137e-11 22698 7649 1 0.25709 1.495 0.25675 0.04875
9.5495 6.0331e-15 0 -2.2142e-11 22728 7649 1 0.25809 1.495 0.25775 0.04875
9.5739 6.1304e-15 0 -2.2146e-11 22758 7649 1 0.25909 1.495 0.25875 0.04875
9.5984 6.2277e-15 0 -2.2151e-11 22789 7649 1 0.26009 1.495 0.25975 0.04875
9.6221 6.3422e-15 0 -2.2153e-11 22819 7949 1 0.26109 1.495 0.26075 0.04875
9.6456 6.4622e-15 0 -2.2155e-11 22849 7949 1 0.26209 1.495 0.26175 0.04875
9.669 6.5823e-15 0 -2.2157e-11 22879 7949 1 0.26309 1.495 0.26275 0.04875
9.6925 6.7023e-15 0 -2.2159e-11 22909 7949 1 0.26409 1.495 0.26375 0.04875
9.7159 6.8224e-15 0 -2.2161e-11 22939 7949 1 0.26509 1.495 0.26475 0.04875
9.7394 6.9425e-15 0 -2.2163e-11 22969 7949 1 0.26609 1.495 0.26576 0.04875
9.7629 7.0625e-15 0 -2.2165e-11 22999 7949 1 0.26709 1.495 0.26676 0.04875
9.7863 7.1826e-15 0 -2.2167e-11 23029 7949 1 0.26809 1.495 0.26776 0.04875
9.8098 7.3027e-15 0 -2.2169e-11 23060 7949 1 0.26909 1.495 0.26876 0.04875
9.8333 7.4227e-15 0 -2.2171e-11 23090 7949 1 0.27009 1.495 0.26976 0.04875
9.856 7.5403e-15 0 -2.2172e-11 23120 8249 1 0.27109 1.495 0.27076 0.04875
9.8784 7.6571e-15 0 -2.2173e-11 23150 8249 1 0.27209 1.495 0.27176 0.04875
9.9009 7.7739e-15 0 -2.2174e-11 23180 8249 1 0.27309 1.495 0.27276 0.04875
9.9233 7.8906e-15 0 -2.2176e-11 23210 8249 1 0.27409 1.495 0.27376 0.04875
9.9458 8.0074e-15 0 -2.2177e-11 23240 8249 1 0.27509 1.495 0.27476 0.04875
9.9683 8.1242e-15 0 -2.2178e-11 23270 8249 1 0.27609 1.495 0.27576 0.04875
9.9907 8.241e-15 0 -2.2179e-11 23300 8249 1 0.27709 1.495 0.27676 0.04875
10.013 8.3578e-15 0 -2.218e-11 23331 8249 1 0.27809 1.495 0.27776 0.04875
10.036 8.4745e-15 0 -2.2181e-11 23361 8249 1 0.27909 1.495 0.27876 0.04875
10.058 8.5913e-15 0 -2.2182e-11 23391 8249 1 0.28009 1.495 0.27976 0.04875
10.08 8.7311e-15 0 -2.2183e-11 23421 8549 1 0.28109 1.495 0.28076 0.04875
10.101 8.878e-15 0 -2.2184e-11 23451 8549 1 0.28209 1.495 0.28176 0.04875
10.123 9.025e-15 0 -2.2185e-11 23481 8549 1 0.28309 1.495 0.28276 0.04875
10.144 9.172e-15 0 -2.2186e-11 23511 8549 1 0.28409 1.495 0.28376 0.04875
10.166 9.319e-15 0 -2.2187e-11 23541 8549 1 0.2851 1.495 0.28476 0.04875
10.187 9.4659e-15 0 -2.2188e-11 23571 8549 1 0.2861 1.495 0.28576 0.04875
10.209 9.6129e-15 0 -2.2189e-11 23601 8549 1 0.2871 1.495 0.28676 0.04875
10.23 9.7599e-15 0 -2.219e-11 23632 8549 1 0.2881 1.495 0.28776 0.04875
10.252 9.9069e-15 0 -2.2191e-11 23662 8549 1 0.2891 1.495 0.28876 0.04875
10.273 1.0054e-14 0 -2.2192e-11 23692 8549 1 0.2901 1.495 0.28976 0.04875
10.294 1.0184e-14 0 -2.2194e-11 23722 8849 1 0.2911 1.495 0.29076 0.04875
10.314 1.0308e-14 0 -2.2197e-11 23752 8849 1 0.2921 1.495 0.29176 0.04875
10.335 1.0432e-14 0 -2.2199e-11 23782 8849 1 0.2931 1.495 0.29276 0.04875
10.355 1.0557e-14 0 -2.2202e-11 23812 8849 1 0.2941 1.495 0.29376 0.04875
10.376 1.0681e-14 0 -2.2204e-11 23842 8849 1 0.2951 1.495 0.29476 0.04875
10.396 1.0805e-14 0 -2.2207e-11 23872 8849 1 0.2961 1.495 0.29577 0.04875
10.417 1.093e-14 0 -2.2209e-11 23903 8849 1 0.2971 1.495 0.29677 0.04875
10.437 1.1054e-14 0 -2.2212e-11 23933 8849 1 0.2981 1.495 0.29777 0.04875
10.457 1.1178e-14 0 -2.2214e-11 23963 8849 1 0.2991 1.495 0.29877 0.04875
10.478 1.1303e-14 0 -2.2217e-11 23993 8849 1 0.3001 1.495 0.29977 0.04875
10.498 1.1384e-14 0 -2.2221e-11 24023 9149 1 0.3011 1.495 0.30077 0.04875
10.517 1.1451e-14 0 -2.2227e-11 24053 9149 1 0.3021 1.495 0.30177 0.04875
10.537 1.1519e-14 0 -2.2232e-11 24083 9149 1 0.3031 1.495 0.30277 0.04875
10.556 1.1587e-14 0 -2.2237e-11 24113 9149 1 0.3041 1.495 0.30377 0.04875
10.575 1.1654e-14 0 -2.2243e-11 24143 9149 1 0.3051 1.495 0.30477 0.04875
10.595 1.1722e-14 0 -2.2248e-11 24174 9149 1 0.3061 1.495 0.30577 0.04875
10.614 1.179e-14 0 -2.2253e-11 24204 9149 1 0.3071 1.495 0.30677 0.04875
10.634 1.1858e-14 0 -2.2259e-11 24234 9149 1 0.3081 1.495 0.30777 0.04875
10.653 1.1925e-14 0 -2.2264e-11 24264 9149 1 0.3091 1.495 0.30877 0.04875
10.673 1.1993e-14 0 -2.2269e-11 24294 9149 1 0.3101 1.495 0.30977 0.04875
10.692 1.2057e-14 0 -2.2272e-11 24324 9449 1 0.3111 1.495 0.31077 0.04875
10.71 1.212e-14 0 -2.2273e-11 24354 9449 1 0.3121 1.495 0.31177 0.04875
10.728 1.2182e-14 0 -2.2275e-11 24384 9449 1 0.3131 1.495 0.31277 0.04875
10.747 1.2245e-14 0 -2.2276e-11 24414 9449 1 0.3141 1.495 0.31377 0.04875
10.765 1.2308e-14 0 -2.2278e-11 24445 9449 1 0.31511 1.495 0.31477 0.04875
10.784 1.2371e-14 0 -2.2279e-11 24475 9449 1 0.31611 1.495 0.31577 0.04875
10.802 1.2433e-14 0 -2.2281e-11 24505 9449 1 0.31711 1.495 0.31677 0.04875
10.821 1.2496e-14 0 -2.2283e-11 24535 9449 1 0.31811 1.495 0.31777 0.04875
10.839 1.2559e-14 0 -2.2284e-11 24565 9449 1 0.31911 1.495 0.31877 0.04875
10.858 1.2621e-14 0 -2.2286e-11 24595 9449 1 0.32011 1.495 0.31977 0.04875
10.875 1.2697e-14 0 -2.2283e-11 24625 9749 1 0.32111 1.495 0.32077 0.04875
10.893 1.2777e-14 0 -2.228e-11 24655 9749 1 0.32211 1.495 0.32177 0.04875
10.91 1.2857e-14 0 -2.2276e-11 24685 9749 1 0.32311 1.495 0.32277 0.04875
10.928 1.2936e-14 0 -2.2273e-11 24716 9749 1 0.32411 1.495 0.32377 0.04875
10.945 1.3016e-14 0 -2.2269e-11 24746 9749 1 0.32511 1.495 0.32477 0.04875
10.963 1.3095e-14 0 -2.2266e-11 24776 9749 1 0.32611 1.495 0.32578 0.04875
10.98 1.3175e-14 0 -2.2262e-11 24806 9749 1 0.32711 1.495 0.32678 0.04875
10.998 1.3255e-14 0 -2.2258e-11 24836 9749 1 0.32811 1.495 0.32778 0.04875
11.015 1.3334e-14 0 -2.2255e-11 24866 9749 1 0.32911 1.495 0.32878 0.04875
11.033 1.3414e-14 0 -2.2251e-11 24896 9749 1 0.33011 1.495 0.32978 0.04875
11.049 1.3482e-14 0 -2.2249e-11 24926 10049 1 0.33111 1.495 0.33078 0.04875
11.066 1.3547e-14 0 -2.2247e-11 24956 10049 1 0.33211 1.495 0.33178 0.04875
11.082 1.3612e-14 0 -2.2245e-11 24987 10049 1 0.33311 1.495 0.33278 0.04875
11.099 1.3676e-14 0 -2.2243e-11 25017 10049 1 0.33411 1.495 0.33378 0.04875
11.115 1.3741e-14 0 -2.2241e-11 25047 10049 1 0.33511 1.495 0.33478 0.04875
11.132 1.3806e-14 0 -2.224e-11 25077 10049 1 0.33611 1.495 0.33578 0.04875
11.148 1.3871e-14 0 -2.2238e-11 25107 10049 1 0.33711 1.495 0.33678 0.04875
11.165 1.3935e-14 0 -2.2236e-11 25137 10049 1 0.33811 1.495 0.33778 0.04875
11.181 1.4e-14 0 -2.2234e-11 25167 10049 1 0.33911 1.495 0.33878 0.04875
11.198 1.4065e-14 0 -2.2232e-11 25197 10049 1 0.34011 1.495 0.33978 0.04875
11.213 1.409e-14 0 -2.223e-11 25227 10349 1 0.34111 1.495 0.34078 0.04875
11.229 1.4105e-14 0 -2.2228e-11 25258 10349 1 0.34211 1.495 0.34178 0.04875
11.244 1.4119e-14 0 -2.2227e-11 25288 10349 1 0.34311 1.495 0.34278 0.04875
11.26 1.4134e-14 0 -2.2225e-11 25318 10349 1 0.34411 1.495 0.34378 0.04875
11.275 1.4148e-14 0 -2.2223e-11 25348 10349 1 0.34512 1.495 0.34478 0.04875
11.291 1.4162e-14 0 -2.2222e-11 25378 10349 1 0.34612 1.495 0.34578 0.04875
11.306 1.4177e-14 0 -2.222e-11 25408 10349 1 0.34712 1.495 0.34678 0.04875
11.322 1.4191e-14 0 -2.2218e-11 25438 10349 1 0.34812 1.495 0.34778 0.04875
11.337 1.4206e-14 0 -2.2216e-11 25468 10349 1 0.34912 1.495 0.34878 0.04875
11.353 1.422e-14 0 -2.2215e-11 25498 10349 1 0.35012 1.495 0.34978 0.04875
11.367 1.4258e-14 0 -2.2214e-11 25529 10649 1 0.35112 1.495 0.35078 0.04875
11.382 1.4303e-14 0 -2.2213e-11 25559 10649 1 0.35212 1.495 0.35178 0.04875
11.396 1.4348e-14 0 -2.2212e-11 25589 10649 1 0.35312 1.495 0.35278 0.04875
11.411 1.4393e-14 0 -2.2211e-11 25619 10649 1 0.35412 1.495 0.35378 0.04875
11.425 1.4438e-14 0 -2.2211e-11 25649 10649 1 0.35512 1.495 0.35478 0.04875
11.44 1.4483e-14 0 -2.221e-11 25679 10649 1 0.35612 1.495 0.35579 0.04875
11.454 1.4528e-14 0 -2.2209e-11 25709 10649 1 0.35712 1.495 0.35679 0.04875
11.469 1.4573e-14 0 -2.2209e-11 25739 10649 1 0.35812 1.495 0.35779 0.04875
11.483 1.4618e-14 0 -2.2208e-11 25769 10649 1 0.35912 1.495 0.35879 0.04875
11.498 1.4663e-14 0 -2.2207e-11 25800 10649 1 0.36012 1.495 0.35979 0.04875
11.511 1.4723e-14 0 -2.2207e-11 25830 10949 1 0.36112 1.495 0.36079 0.04875
11.525 1.4787e-14 0 -2.2208e-11 25860 10949 1 0.36212 1.495 0.36179 0.04875
11.538 1.4851e-14 0 -2.2209e-11 25890 10949 1 0.36312 1.495 0.36279 0.04875
11.552 1.4916e-14 0 -2.2209e-11 25920 10949 1 0.36412 1.495 0.36379 0.04875
11.565 1.498e-14 0 -2.221e-11 25950 10949 1 0.36512 1.495 0.36479 0.04875
11.579 1.5044e-14 0 -2.2211e-11 25980 10949 1 0.36612 1.495 0.36579 0.04875
11.592 1.5109e-14 0 -2.2211e-11 26010 10949 1 0.36712 1.495 0.36679 0.04875
11.606 1.5173e-14 0 -2.2212e-11 26040 10949 1 0.36812 1.495 0.36779 0.04875
11.619 1.5237e-14 0 -2.2213e-11 26071 10949 1 0.36912 1.495 0.36879 0.04875
11.633 1.5301e-14 0 -2.2213e-11 26101 10949 1 0.37012 1.495 0.36979 0.04875
11.645 1.5326e-14 0 -2.2213e-11 26131 11249 1 0.37112 1.495 0.37079 0.04875
11.658 1.534e-14 0 -2.2213e-11 26161 11249 1 0.37212 1.495 0.37179 0.04875
11.67 1.5354e-14 0 -2.2212e-11 26191 11249 1 0.37312 1.495 0.37279 0.04875
11.683 1.5368e-14 0 -2.2212e-11 26221 11249 1 0.37412 1.495 0.37379 0.04875
11.695 1.5382e-14 0 -2.2211e-11 26251 11249 1 0.37513 1.495 0.37479 0.04875
11.708 1.5395e-14 0 -2.2211e-11 26281 11249 1 0.37613 1.495 0.37579 0.04875
11.72 1.5409e-14 0 -2.221e-11 26311 11249 1 0.37713 1.495 0.37679 0.04875
11.733 1.5423e-14 0 -2.2209e-11 26342 11249 1 0.37813 1.495 0.37779 0.04875
11.745 1.5437e-14 0 -2.2209e-11 26372 11249 1 0.37913 1.495 0.37879 0.04875
11.758 1.5451e-14 0 -2.2208e-11 26402 11249 1 0.38013 1.495 0.37979 0.04875
11.769 1.5507e-14 0 -2.2208e-11 26432 11549 1 0.38113 1.495 0.38079 0.04875
11.781 1.5573e-14 0 -2.2208e-11 26462 11549 1 0.38213 1.495 0.38179 0.04875
11.792 1.5639e-14 0 -2.2209e-11 26492 11549 1 0.38313 1.495 0.38279 0.04875
11.804 1.5705e-14 0 -2.2209e-11 26522 11549 1 0.38413 1.495 0.38379 0.04875
11.815 1.5771e-14 0 -2.2209e-11 26552 11549 1 0.38513 1.495 0.38479 0.04875
11.827 1.5837e-14 0 -2.2209e-11 26582 11549 1 0.38613 1.495 0.3858 0.04875
11.838 1.5903e-14 0 -2.2209e-11 26613 11549 1 0.38713 1.495 0.3868 0.04875
11.85 1.597e-14 0 -2.2209e-11 26643 11549 1 0.38813 1.495 0.3878 0.04875
11.861 1.6036e-14 0 -2.2209e-11 26673 11549 1 0.38913 1.495 0.3888 0.04875
11.873 1.6102e-14 0 -2.2209e-11 26703 11549 1 0.39013 1.495 0.3898 0.04875
11.883 1.6236e-14 0 -2.221e-11 26733 11849 1 0.39113 1.495 0.3908 0.04875
11.894 1.6388e-14 0 -2.221e-11 26763 11849 1 0.39213 1.495 0.3918 0.04875
11.904 1.654e-14 0 -2.2211e-11 26793 11849 1 0.39313 1.495 0.3928 0.04875
11.915 1.6692e-14 0 -2.2211e-11 26823 11849 1 0.39413 1.495 0.3938 0.04875
11.925 1.6843e-14 0 -2.2212e-11 26853 11849 1 0.39513 1.495 0.3948 0.04875
11.936 1.6995e-14 0 -2.2212e-11 26883 11849 1 0.39613 1.495 0.3958 0.04875
11.946 1.7147e-14 0 -2.2213e-11 26914 11849 1 0.39713 1.495 0.3968 0.04875
11.957 1.7299e-14 0 -2.2213e-11 26944 11849 1 0.39813 1.495 0.3978 0.04875
11.967 1.745e-14 0 -2.2214e-11 26974 11849 1 0.39913 1.495 0.3988 0.04875
11.978 1.7602e-14 0 -2.2214e-11 27004 11849 1 0.40013 1.495 0.3998 0.04875
11.987 1.7702e-14 0 -2.2214e-11 27034 12149 1 0.40113 1.495 0.4008 0.04875
11.997 1.779e-14 0 -2.2213e-11 27064 12149 1 0.40213 1.495 0.4018 0.04875
12.006 1.7877e-14 0 -2.2212e-11 27094 12149 1 0.40313 1.495 0.4028 0.04875
12.016 1.7965e-14 0 -2.2211e-11 27124 12149 1 0.40413 1.495 0.4038 0.04875
12.025 1.8052e-14 0 -2.2211e-11 27154 12149 1 0.40514 1.495 0.4048 0.04875
12.035 1.8139e-14 0 -2.221e-11 27185 12149 1 0.40614 1.495 0.4058 0.04875
12.044 1.8227e-14 0 -2.2209e-11 27215 12149 1 0.40714 1.495 0.4068 0.04875
12.054 1.8314e-14 0 -2.2208e-11 27245 12149 1 0.40814 1.495 0.4078 0.04875
12.063 1.8401e-14 0 -2.2208e-11 27275 12149 1 0.40914 1.495 0.4088 0.04875
12.073 1.8489e-14 0 -2.2207e-11 27305 12149 1 0.41014 1.495 0.4098 0.04875
12.081 1.8449e-14 0 -2.2206e-11 27335 12449 1 0.41114 1.495 0.4108 0.04875
12.09 1.8378e-14 0 -2.2206e-11 27365 12449 1 0.41214 1.495 0.4118 0.04875
12.098 1.8307e-14 0 -2.2205e-11 27395 12449 1 0.41314 1.495 0.4128 0.04875
12.107 1.8236e-14 0 -2.2205e-11 27425 12449 1 0.41414 1.495 0.4138 0.04875
12.115 1.8165e-14 0 -2.2204e-11 27456 12449 1 0.41514 1.495 0.4148 0.04875
12.124 1.8094e-14 0 -2.2203e-11 27486 12449 1 0.41614 1.495 0.41581 0.04875
12.132 1.8023e-14 0 -2.2203e-11 27516 12449 1 0.41714 1.495 0.41681 0.04875
12.141 1.7952e-14 0 -2.2202e-11 27546 12449 1 0.41814 1.495 0.41781 0.04875
12.149 1.7881e-14 0 -2.2202e-11 27576 12449 1 0.41914 1.495 0.41881 0.04875
12.158 1.7811e-14 0 -2.2201e-11 27606 12449 1 0.42014 1.495 0.41981 0.04875
12.165 1.7747e-14 0 -2.2198e-11 27636 12749 1 0.42114 1.495 0.42081 0.04875
12.173 1.7685e-14 0 -2.2195e-11 27666 12749 1 0.42214 1.495 0.42181 0.04875
12.18 1.7623e-14 0 -2.2191e-11 27696 12749 1 0.42314 1.495 0.42281 0.04875
12.188 1.7561e-14 0 -2.2188e-11 27727 12749 1 0.42414 1.495 0.42381 0.04875
12.195 1.7499e-14 0 -2.2184e-11 27757 12749 1 0.42514 1.495 0.42481 0.04875
12.203 1.7437e-14 0 -2.2181e-11 27787 12749 1 0.42614 1.495 0.42581 0.04875
12.21 1.7375e-14 0 -2.2177e-11 27817 12749 1 0.42714 1.495 0.42681 0.04875
12.218 1.7313e-14 0 -2.2174e-11 27847 12749 1 0.42814 1.495 0.42781 0.04875
12.225 1.7251e-14 0 -2.217e-11 27877 12749 1 0.42914 1.495 0.42881 0.04875
12.233 1.7189e-14 0 -2.2167e-11 27907 12749 1 0.43014 1.495 0.42981 0.04875
12.239 1.7205e-14 0 -2.216e-11 27937 13049 1 0.43114 1.495 0.43081 0.04875
12.246 1.7239e-14 0 -2.2153e-11 27967 13049 1 0.43214 1.495 0.43181 0.04875
12.252 1.7273e-14 0 -2.2145e-11 27998 13049 1 0.43314 1.495 0.43281 0.04875
12.259 1.7307e-14 0 -2.2137e-11 28028 13049 1 0.43414 1.495 0.43381 0.04875
12.265 1.7341e-14 0 -2.213e-11 28058 13049 1 0.43515 1.495 0.43481 0.04875
12.272 1.7375e-14 0 -2.2122e-11 28088 13049 1 0.43615 1.495 0.43581 0.04875
12.278 1.7409e-14 0 -2.2114e-11 28118 13049 1 0.43715 1.495 0.43681 0.04875
12.285 1.7443e-14 0 -2.2107e-11 28148 13049 1 0.43815 1.495 0.43781 0.04875
12.291 1.7477e-14 0 -2.2099e-11 28178 13049 1 0.43915 1.495 0.43881 0.04875
12.298 1.7512e-14 0 -2.2091e-11 28208 13049 1 0.44015 1.495 0.43981 0.04875
12.303 1.7541e-14 0 -2.2086e-11 28238 13349 1 0.44115 1.495 0.44081 0.04875
12.309 1.7569e-14 0 -2.2081e-11 28269 13349 1 0.44215 1.495 0.44181 0.04875
12.314 1.7597e-14 0 -2.2077e-11 28299 13349 1 0.44315 1.495 0.44281 0.04875
12.32 1.7625e-14 0 -2.2072e-11 28329 13349 1 0.44415 1.495 0.44381 0.04875
12.325 1.7653e-14 0 -2.2067e-11 28359 13349 1 0.44515 1.495 0.44481 0.04875
12.331 1.7681e-14 0 -2.2062e-11 28389 13349 1 0.44615 1.495 0.44582 0.04875
12.336 1.771e-14 0 -2.2058e-11 28419 13349 1 0.44715 1.495 0.44682 0.04875
12.342 1.7738e-14 0 -2.2053e-11 28449 13349 1 0.44815 1.495 0.44782 0.04875
12.347 1.7766e-14 0 -2.2048e-11 28479 13349 1 0.44915 1.495 0.44882 0.04875
12.353 1.7794e-14 0 -2.2043e-11 28509 13349 1 0.45015 1.495 0.44982 0.04875
12.358 1.7827e-14 0 -2.2039e-11 28540 13649 1 0.45115 1.495 0.45082 0.04875
12.362 1.7861e-14 0 -2.2036e-11 28570 13649 1 0.45215 1.495 0.45182 0.04875
12.367 1.7896e-14 0 -2.2032e-11 28600 13649 1 0.45315 1.495 0.45282 0.04875
12.371 1.793e-14 0 -2.2028e-11 28630 13649 1 0.45415 1.495 0.45382 0.04875
12.376 1.7964e-14 0 -2.2024e-11 28660 13649 1 0.45515 1.495 0.45482 0.04875
12.38 1.7999e-14 0 -2.2021e-11 28690 13649 1 0.45615 1.495 0.45582 0.04875
12.384 1.8033e-14 0 -2.2017e-11 28720 13649 1 0.45715 1.495 0.45682 0.04875
12.389 1.8067e-14 0 -2.2013e-11 28750 13649 1 0.45815 1.495 0.45782 0.04875
12.393 1.8102e-14 0 -2.201e-11 28780 13649 1 0.45915 1.495 0.45882 0.04875
12.398 1.8136e-14 0 -2.2006e-11 28811 13649 1 0.46015 1.495 0.45982 0.04875
12.402 1.8179e-14 0 -2.2e-11 28841 13949 1 0.46115 1.495 0.46082 0.04875
12.405 1.8223e-14 0 -2.1993e-11 28871 13949 1 0.46215 1.495 0.46182 0.04875
12.409 1.8267e-14 0 -2.1986e-11 28901 13949 1 0.46315 1.495 0.46282 0.04875
12.412 1.8312e-14 0 -2.198e-11 28931 13949 1 0.46415 1.495 0.46382 0.04875
12.416 1.8356e-14 0 -2.1973e-11 28961 13949 1 0.46516 1.495 0.46482 0.04875
12.419 1.84e-14 0 -2.1967e-11 28991 13949 1 0.46616 1.495 0.46582 0.04875
12.423 1.8445e-14 0 -2.196e-11 29021 13949 1 0.46716 1.495 0.46682 0.04875
12.426 1.8489e-14 0 -2.1953e-11 29051 13949 1 0.46816 1.495 0.46782 0.04875
12.43 1.8533e-14 0 -2.1947e-11 29082 13949 1 0.46916 1.495 0.46882 0.04875
12.433 1.8578e-14 0 -2.194e-11 29112 13949 1 0.47016 1.495 0.46982 0.04875
12.436 1.8639e-14 0 -2.1934e-11 29142 14249 1 0.47116 1.495 0.47082 0.04875
12.438 1.8705e-14 0 -2.1927e-11 29172 14249 1 0.47216 1.495 0.47182 0.04875
12.441 1.877e-14 0 -2.192e-11 29202 14249 1 0.47316 1.495 0.47282 0.04875
12.443 1.8836e-14 0 -2.1914e-11 29232 14249 1 0.47416 1.495 0.47382 0.04875
12.446 1.8901e-14 0 -2.1907e-11 29262 14249 1 0.47516 1.495 0.47482 0.04875
12.448 1.8967e-14 0 -2.19e-11 29292 14249 1 0.47616 1.495 0.47583 0.04875
12.451 1.9032e-14 0 -2.1894e-11 29322 14249 1 0.47716 1.495 0.47683 0.04875
12.453 1.9097e-14 0 -2.1887e-11 29353 14249 1 0.47816 1.495 0.47783 0.04875
12.456 1.9163e-14 0 -2.1881e-11 29383 14249 1 0.47916 1.495 0.47883 0.04875
12.458 1.9228e-14 0 -2.1874e-11 29413 14249 1 0.48016 1.495 0.47983 0.04875
12.46 1.9326e-14 0 -2.1866e-11 29443 14549 1 0.48116 1.495 0.48083 0.04875
12.461 1.943e-14 0 -2.1858e-11 29473 14549 1 0.48216 1.495 0.48183 0.04875
12.463 1.9535e-14 0 -2.185e-11 29503 14549 1 0.48316 1.495 0.48283 0.04875
12.464 1.9639e-14 0 -2.1842e-11 29533 14549 1 0.48416 1.495 0.48383 0.04875
12.466 1.9744e-14 0 -2.1833e-11 29563 14549 1 0.48516 1.495 0.48483 0.04875
12.467 1.9849e-14 0 -2.1825e-11 29593 14549 1 0.48616 1.495 0.48583 0.04875
12.469 1.9953e-14 0 -2.1817e-11 29624 14549 1 0.48716 1.495 0.48683 0.04875
12.47 2.0058e-14 0 -2.1809e-11 29654 14549 1 0.48816 1.495 0.48783 0.04875
12.472 2.0162e-14 0 -2.1801e-11 29684 14549 1 0.48916 1.495 0.48883 0.04875
12.473 2.0267e-14 0 -2.1793e-11 29714 14549 1 0.49016 1.495 0.48983 0.04875
12.474 2.0371e-14 0 -2.1784e-11 29744 14849 1 0.49116 1.495 0.49083 0.04875
12.475 2.0475e-14 0 -2.1776e-11 29774 14849 1 0.49216 1.495 0.49183 0.04875
12.475 2.0579e-14 0 -2.1767e-11 29804 14849 1 0.49316 1.495 0.49283 0.04875
12.476 2.0683e-14 0 -2.1759e-11 29834 14849 1 0.49416 1.495 0.49383 0.04875
12.476 2.0787e-14 0 -2.175e-11 29864 14849 1 0.49517 1.495 0.49483 0.04875
12.477 2.089e-14 0 -2.1742e-11 29894 14849 1 0.49617 1.495 0.49583 0.04875
12.477 2.0994e-14 0 -2.1733e-11 29925 14849 1 0.49717 1.495 0.49683 0.04875
12.478 2.1098e-14 0 -2.1725e-11 29955 14849 1 0.49817 1.495 0.49783 0.04875
12.478 2.1202e-14 0 -2.1716e-11 29985 14849 1 0.49917 1.495 0.49883 0.04875
12.479 2.1306e-14 0 -2.1708e-11 30015 14849 1 0.50017 1.495 0.49983 0.04875
12.478 2.1367e-14 0 -2.1705e-11 30045 15149 1 0.50117 1.495 0.50083 0.04875
12.478 2.1418e-14 0 -2.1704e-11 30075 15149 1 0.50217 1.495 0.50183 0.04875
12.477 2.147e-14 0 -2.1702e-11 30105 15149 1 0.50317 1.495 0.50283 0.04875
12.477 2.1522e-14 0 -2.1701e-11 30135 15149 1 0.50417 1.495 0.50383 0.04875
12.476 2.1573e-14 0 -2.17e-11 30165 15149 1 0.50517 1.495 0.50484 0.04875
12.476 2.1625e-14 0 -2.1698e-11 30196 15149 1 0.50617 1.495 0.50584 0.04875
12.475 2.1677e-14 0 -2.1697e-11 30226 15149 1 0.50717 1.495 0.50684 0.04875
12.475 2.1728e-14 0 -2.1695e-11 30256 15149 1 0.50817 1.495 0.50784 0.04875
12.474 2.178e-14 0 -2.1694e-11 30286 15149 1 0.50917 1.495 0.50884 0.04875
12.474 2.1832e-14 0 -2.1693e-11 30316 15149 1 0.51017 1.495 0.50984 0.04875
12.472 2.1824e-14 0 -2.1689e-11 30346 15449 1 0.51117 1.495 0.51084 0.04875
12.471 2.1805e-14 0 -2.1685e-11 30376 15449 1 0.51217 1.495 0.51184 0.04875
12.469 2.1786e-14 0 -2.1681e-11 30406 15449 1 0.51317 1.495 0.51284 0.04875
12.468 2.1767e-14 0 -2.1677e-11 30436 15449 1 0.51417 1.495 0.51384 0.04875
12.466 2.1748e-14 0 -2.1673e-11 30467 15449 1 0.51517 1.495 0.51484 0.04875
12.465 2.1729e-14 0 -2.1669e-11 30497 15449 1 0.51617 1.495 0.51584 0.04875
12.463 2.171e-14 0 -2.1666e-11 30527 15449 1 0.51717 1.495 0.51684 0.04875
12.462 2.1691e-14 0 -2.1662e-11 30557 15449 1 0.51817 1.495 0.51784 0.04875
12.46 2.1672e-14 0 -2.1658e-11 30587 15449 1 0.51917 1.495 0.51884 0.04875
12.459 2.1653e-14 0 -2.1654e-11 30617 15449 1 0.52017 1.495 0.51984 0.04875
12.457 2.1626e-14 0 -2.1645e-11 30647 15749 1 0.52117 1.495 0.52084 0.04875
12.454 2.1598e-14 0 -2.1636e-11 30677 15749 1 0.52217 1.495 0.52184 0.04875
12.452 2.157e-14 0 -2.1627e-11 30707 15749 1 0.52317 1.495 0.52284 0.04875
12.449 2.1543e-14 0 -2.1618e-11 30738 15749 1 0.52417 1.495 0.52384 0.04875
12.447 2.1515e-14 0 -2.1609e-11 30768 15749 1 0.52518 1.495 0.52484 0.04875
12.444 2.1487e-14 0 -2.16e-11 30798 15749 1 0.52618 1.495 0.52584 0.04875
12.442 2.1459e-14 0 -2.1591e-11 30828 15749 1 0.52718 1.495 0.52684 0.04875
12.439 2.1431e-14 0 -2.1582e-11 30858 15749 1 0.52818 1.495 0.52784 0.04875
12.437 2.1403e-14 0 -2.1573e-11 30888 15749 1 0.52918 1.495 0.52884 0.04875
12.434 2.1375e-14 0 -2.1564e-11 30918 15749 1 0.53018 1.495 0.52984 0.04875
12.431 2.1419e-14 0 -2.1556e-11 30948 16049 1 0.53118 1.495 0.53084 0.04875
12.427 2.1475e-14 0 -2.1548e-11 30978 16049 1 0.53218 1.495 0.53184 0.04875
12.424 2.1532e-14 0 -2.1541e-11 31009 16049 1 0.53318 1.495 0.53284 0.04875
12.42 2.1589e-14 0 -2.1533e-11 31039 16049 1 0.53418 1.495 0.53384 0.04875
12.417 2.1646e-14 0 -2.1525e-11 31069 16049 1 0.53518 1.495 0.53484 0.04875
12.413 2.1703e-14 0 -2.1517e-11 31099 16049 1 0.53618 1.495 0.53585 0.04875
12.41 2.1759e-14 0 -2.1509e-11 31129 16049 1 0.53718 1.495 0.53685 0.04875
12.406 2.1816e-14 0 -2.1502e-11 31159 16049 1 0.53818 1.495 0.53785 0.04875
12.403 2.1873e-14 0 -2.1494e-11 31189 16049 1 0.53918 1.495 0.53885 0.04875
12.399 2.193e-14 0 -2.1486e-11 31219 16049 1 0.54018 1.495 0.53985 0.04875
12.395 2.2063e-14 0 -2.1479e-11 31249 16349 1 0.54118 1.495 0.54085 0.04875
12.39 2.221e-14 0 -2.1472e-11 31280 16349 1 0.54218 1.495 0.54185 0.04875
12.386 2.2357e-14 0 -2.1465e-11 31310 16349 1 0.54318 1.495 0.54285 0.04875
12.382 2.2505e-14 0 -2.1457e-11 31340 16349 1 0.54418 1.495 0.54385 0.04875
12.377 2.2652e-14 0 -2.145e-11 31370 16349 1 0.54518 1.495 0.54485 0.04875
12.373 2.2799e-14 0 -2.1443e-11 31400 16349 1 0.54618 1.495 0.54585 0.04875
12.368 2.2946e-14 0 -2.1436e-11 31430 16349 1 0.54718 1.495 0.54685 0.04875
12.364 2.3093e-14 0 -2.1429e-11 31460 16349 1 0.54818 1.495 0.54785 0.04875
12.359 2.3241e-14 0 -2.1422e-11 31490 16349 1 0.54918 1.495 0.54885 0.04875
12.355 2.3388e-14 0 -2.1414e-11 31520 16349 1 0.55018 1.495 0.54985 0.04875
12.349 2.3482e-14 0 -2.1408e-11 31551 16649 1 0.55118 1.495 0.55085 0.04875
12.344 2.3567e-14 0 -2.1403e-11 31581 16649 1 0.55218 1.495 0.55185 0.04875
12.338 2.3651e-14 0 -2.1397e-11 31611 16649 1 0.55318 1.495 0.55285 0.04875
12.333 2.3736e-14 0 -2.1391e-11 31641 16649 1 0.55418 1.495 0.55385 0.04875
12.327 2.3821e-14 0 -2.1386e-11 31671 16649 1 0.55519 1.495 0.55485 0.04875
12.322 2.3906e-14 0 -2.138e-11 31701 16649 1 0.55619 1.495 0.55585 0.04875
12.316 2.399e-14 0 -2.1374e-11 31731 16649 1 0.55719 1.495 0.55685 0.04875
12.311 2.4075e-14 0 -2.1368e-11 31761 16649 1 0.55819 1.495 0.55785 0.04875
12.305 2.416e-14 0 -2.1363e-11 31791 16649 1 0.55919 1.495 0.55885 0.04875
12.3 2.4245e-14 0 -2.1357e-11 31822 16649 1 0.56019 1.495 0.55985 0.04875
12.293 2.4244e-14 0 -2.1353e-11 31852 16949 1 0.56119 1.495 0.56085 0.04875
12.287 2.4228e-14 0 -2.135e-11 31882 16949 1 0.56219 1.495 0.56185 0.04875
12.28 2.4212e-14 0 -2.1346e-11 31912 16949 1 0.56319 1.495 0.56285 0.04875
12.274 2.4197e-14 0 -2.1343e-11 31942 16949 1 0.56419 1.495 0.56385 0.04875
12.268 2.4181e-14 0 -2.1339e-11 31972 16949 1 0.56519 1.495 0.56485 0.04875
12.261 2.4165e-14 0 -2.1335e-11 32002 16949 1 0.56619 1.495 0.56586 0.04875
12.255 2.415e-14 0 -2.1332e-11 32032 16949 1 0.56719 1.495 0.56686 0.04875
12.248 2.4134e-14 0 -2.1328e-11 32062 16949 1 0.56819 1.495 0.56786 0.04875
12.242 2.4119e-14 0 -2.1325e-11 32093 16949 1 0.56919 1.495 0.56886 0.04875
12.235 2.4103e-14 0 -2.1321e-11 32123 16949 1 0.57019 1.495 0.56986 0.04875
12.228 2.4081e-14 0 -2.1319e-11 32153 17249 1 0.57119 1.495 0.57086 0.04875
12.22 2.4057e-14 0 -2.1317e-11 32183 17249 1 0.57219 1.495 0.57186 0.04875
12.213 2.4034e-14 0 -2.1315e-11 32213 17249 1 0.57319 1.495 0.57286 0.04875
12.205 2.401e-14 0 -2.1314e-11 32243 17249 1 0.57419 1.495 0.57386 0.04875
12.198 2.3987e-14 0 -2.1312e-11 32273 17249 1 0.57519 1.495 0.57486 0.04875
12.19 2.3963e-14 0 -2.131e-11 32303 17249 1 0.57619 1.495 0.57586 0.04875
12.183 2.394e-14 0 -2.1308e-11 32333 17249 1 0.57719 1.495 0.57686 0.04875
12.175 2.3916e-14 0 -2.1306e-11 32364 17249 1 0.57819 1.495 0.57786 0.04875
12.168 2.3893e-14 0 -2.1304e-11 32394 17249 1 0.57919 1.495 0.57886 0.04875
12.16 2.3869e-14 0 -2.1302e-11 32424 17249 1 0.58019 1.495 0.57986 0.04875
12.152 2.3859e-14 0 -2.1299e-11 32454 17549 1 0.58119 1.495 0.58086 0.04875
12.144 2.3852e-14 0 -2.1296e-11 32484 17549 1 0.58219 1.495 0.58186 0.04875
12.135 2.3844e-14 0 -2.1292e-11 32514 17549 1 0.58319 1.495 0.58286 0.04875
12.127 2.3837e-14 0 -2.1289e-11 32544 17549 1 0.58419 1.495 0.58386 0.04875
12.118 2.383e-14 0 -2.1285e-11 32574 17549 1 0.5852 1.495 0.58486 0.04875
12.11 2.3822e-14 0 -2.1281e-11 32604 17549 1 0.5862 1.495 0.58586 0.04875
12.101 2.3815e-14 0 -2.1278e-11 32635 17549 1 0.5872 1.495 0.58686 0.04875
12.093 2.3807e-14 0 -2.1274e-11 32665 17549 1 0.5882 1.495 0.58786 0.04875
12.084 2.38e-14 0 -2.1271e-11 32695 17549 1 0.5892 1.495 0.58886 0.04875
12.076 2.3792e-14 0 -2.1267e-11 32725 17549 1 0.5902 1.495 0.58986 0.04875
12.066 2.3742e-14 0 -2.1264e-11 32755 17849 1 0.5912 1.495 0.59086 0.04875
12.057 2.3686e-14 0 -2.1262e-11 32785 17849 1 0.5922 1.495 0.59186 0.04875
12.047 2.3629e-14 0 -2.1259e-11 32815 17849 1 0.5932 1.495 0.59286 0.04875
12.038 2.3573e-14 0 -2.1256e-11 32845 17849 1 0.5942 1.495 0.59386 0.04875
12.028 2.3516e-14 0 -2.1254e-11 32875 17849 1 0.5952 1.495 0.59486 0.04875
12.019 2.346e-14 0 -2.1251e-11 32905 17849 1 0.5962 1.495 0.59587 0.04875
12.009 2.3403e-14 0 -2.1248e-11 32936 17849 1 0.5972 1.495 0.59687 0.04875
12 2.3347e-14 0 -2.1245e-11 32966 17849 1 0.5982 1.495 0.59787 0.04875
11.99 2.329e-14 0 -2.1243e-11 32996 17849 1 0.5992 1.495 0.59887 0.04875
11.981 2.3234e-14 0 -2.124e-11 33026 17849 1 0.6002 1.495 0.59987 0.04875
11.971 2.3102e-14 0 -2.1238e-11 33056 18149 1 0.6012 1.495 0.60087 0.04875
11.96 2.2958e-14 0 -2.1236e-11 33086 18149 1 0.6022 1.495 0.60187 0.04875
11.95 2.2814e-14 0 -2.1234e-11 33116 18149 1 0.6032 1.495 0.60287 0.04875
11.939 2.267e-14 0 -2.1233e-11 33146 18149 1 0.6042 1.495 0.60387 0.04875
11.929 2.2526e-14 0 -2.1231e-11 33176 18149 1 0.6052 1.495 0.60487 0.04875
11.918 2.2383e-14 0 -2.1229e-11 33207 18149 1 0.6062 1.495 0.60587 0.04875
11.908 2.2239e-14 0 -2.1227e-11 33237 18149 1 0.6072 1.495 0.60687 0.04875
11.897 2.2095e-14 0 -2.1225e-11 33267 18149 1 0.6082 1.495 0.60787 0.04875
11.887 2.1951e-14 0 -2.1223e-11 33297 18149 1 0.6092 1.495 0.60887 0.04875
11.876 2.1807e-14 0 -2.1221e-11 33327 18149 1 0.6102 1.495 0.60987 0.04875
11.865 2.1759e-14 0 -2.1216e-11 33357 18449 1 0.6112 1.495 0.61087 0.04875
11.853 2.1724e-14 0 -2.121e-11 33387 18449 1 0.6122 1.495 0.61187 0.04875
11.842 2.169e-14 0 -2.1204e-11 33417 18449 1 0.6132 1.495 0.61287 0.04875
11.83 2.1656e-14 0 -2.1197e-11 33447 18449 1 0.6142 1.495 0.61387 0.04875
11.819 2.1622e-14 0 -2.1191e-11 33478 18449 1 0.61521 1.495 0.61487 0.04875
11.807 2.1587e-14 0 -2.1185e-11 33508 18449 1 0.61621 1.495 0.61587 0.04875
11.796 2.1553e-14 0 -2.1179e-11 33538 18449 1 0.61721 1.495 0.61687 0.04875
11.785 2.1519e-14 0 -2.1173e-11 33568 18449 1 0.61821 1.495 0.61787 0.04875
11.773 2.1485e-14 0 -2.1166e-11 33598 18449 1 0.61921 1.495 0.61887 0.04875
11.762 2.145e-14 0 -2.116e-11 33628 18449 1 0.62021 1.495 0.61987 0.04875
11.749 2.1581e-14 0 -2.1155e-11 33658 18749 1 0.62121 1.495 0.62087 0.04875
11.737 2.1735e-14 0 -2.115e-11 33688 18749 1 0.62221 1.495 0.62187 0.04875
11.724 2.1889e-14 0 -2.1146e-11 33718 18749 1 0.62321 1.495 0.62287 0.04875
11.712 2.2044e-14 0 -2.1141e-11 33749 18749 1 0.62421 1.495 0.62387 0.04875
11.699 2.2198e-14 0 -2.1136e-11 33779 18749 1 0.62521 1.495 0.62488 0.04875
11.687 2.2353e-14 0 -2.1131e-11 33809 18749 1 0.62621 1.495 0.62588 0.04875
11.674 2.2507e-14 0 -2.1126e-11 33839 18749 1 0.62721 1.495 0.62688 0.04875
11.662 2.2661e-14 0 -2.1121e-11 33869 18749 1 0.62821 1.495 0.62788 0.04875
11.649 2.2816e-14 0 -2.1116e-11 33899 18749 1 0.62921 1.495 0.62888 0.04875
11.637 2.297e-14 0 -2.1111e-11 33929 18749 1 0.63021 1.495 0.62988 0.04875
11.624 2.3063e-14 0 -2.1109e-11 33959 19049 1 0.63121 1.495 0.63088 0.04875
11.61 2.3147e-14 0 -2.1107e-11 33989 19049 1 0.63221 1.495 0.63188 0.04875
11.597 2.3231e-14 0 -2.1106e-11 34020 19049 1 0.63321 1.495 0.63288 0.04875
11.583 2.3315e-14 0 -2.1104e-11 34050 19049 1 0.63421 1.495 0.63388 0.04875
11.57 2.34e-14 0 -2.1102e-11 34080 19049 1 0.63521 1.495 0.63488 0.04875
11.556 2.3484e-14 0 -2.11e-11 34110 19049 1 0.63621 1.495 0.63588 0.04875
11.543 2.3568e-14 0 -2.1098e-11 34140 19049 1 0.63721 1.495 0.63688 0.04875
11.529 2.3652e-14 0 -2.1097e-11 34170 19049 1 0.63821 1.495 0.63788 0.04875
11.516 2.3736e-14 0 -2.1095e-11 34200 19049 1 0.63921 1.495 0.63888 0.04875
11.502 2.3821e-14 0 -2.1093e-11 34230 19049 1 0.64021 1.495 0.63988 0.04875
11.488 2.3762e-14 0 -2.1092e-11 34260 19349 1 0.64121 1.495 0.64088 0.04875
11.473 2.3683e-14 0 -2.1091e-11 34291 19349 1 0.64221 1.495 0.64188 0.04875
11.459 2.3605e-14 0 -2.109e-11 34321 19349 1 0.64321 1.495 0.64288 0.04875
11.444 2.3526e-14 0 -2.1089e-11 34351 19349 1 0.64421 1.495 0.64388 0.04875
11.43 2.3448e-14 0 -2.1088e-11 34381 19349 1 0.64522 1.495 0.64488 0.04875
11.416 2.3369e-14 0 -2.1088e-11 34411 19349 1 0.64622 1.495 0.64588 0.04875
11.401 2.3291e-14 0 -2.1087e-11 34441 19349 1 0.64722 1.495 0.64688 0.04875
11.387 2.3212e-14 0 -2.1086e-11 34471 19349 1 0.64822 1.495 0.64788 0.04875
11.372 2.3133e-14 0 -2.1085e-11 34501 19349 1 0.64922 1.495 0.64888 0.04875
11.358 2.3055e-14 0 -2.1084e-11 34531 19349 1 0.65022 1.495 0.64988 0.04875
11.342 2.2971e-14 0 -2.108e-11 34562 19649 1 0.65122 1.495 0.65088 0.04875
11.327 2.2887e-14 0 -2.1076e-11 34592 19649 1 0.65222 1.495 0.65188 0.04875
11.311 2.2803e-14 0 -2.1072e-11 34622 19649 1 0.65322 1.495 0.65288 0.04875
11.296 2.2718e-14 0 -2.1068e-11 34652 19649 1 0.65422 1.495 0.65388 0.04875
11.28 2.2634e-14 0 -2.1064e-11 34682 19649 1 0.65522 1.495 0.65488 0.04875
11.265 2.255e-14 0 -2.106e-11 34712 19649 1 0.65622 1.495 0.65589 0.04875
11.249 2.2465e-14 0 -2.1056e-11 34742 19649 1 0.65722 1.495 0.65689 0.04875
11.234 2.2381e-14 0 -2.1052e-11 34772 19649 1 0.65822 1.495 0.65789 0.04875
11.218 2.2296e-14 0 -2.1048e-11 34802 19649 1 0.65922 1.495 0.65889 0.04875
11.203 2.2212e-14 0 -2.1044e-11 34833 19649 1 0.66022 1.495 0.65989 0.04875
11.187 2.2244e-14 0 -2.1034e-11 34863 19949 1 0.66122 1.495 0.66089 0.04875
11.17 2.2291e-14 0 -2.1024e-11 34893 19949 1 0.66222 1.495 0.66189 0.04875
11.154 2.2338e-14 0 -2.1015e-11 34923 19949 1 0.66322 1.495 0.66289 0.04875
11.137 2.2384e-14 0 -2.1005e-11 34953 19949 1 0.66422 1.495 0.66389 0.04875
11.121 2.2431e-14 0 -2.0995e-11 34983 19949 1 0.66522 1.495 0.66489 0.04875
11.104 2.2478e-14 0 -2.0985e-11 35013 19949 1 0.66622 1.495 0.66589 0.04875
11.088 2.2525e-14 0 -2.0975e-11 35043 19949 1 0.66722 1.495 0.66689 0.04875
11.071 2.2572e-14 0 -2.0965e-11 35073 19949 1 0.66822 1.495 0.66789 0.04875
11.055 2.2619e-14 0 -2.0955e-11 35104 19949 1 0.66922 1.495 0.66889 0.04875
11.038 2.2665e-14 0 -2.0945e-11 35134 19949 1 0.67022 1.495 0.66989 0.04875
11.021 2.2803e-14 0 -2.0938e-11 35164 20249 1 0.67122 1.495 0.67089 0.04875
11.004 2.2952e-14 0 -2.0931e-11 35194 20249 1 0.67222 1.495 0.67189 0.04875
10.986 2.3102e-14 0 -2.0924e-11 35224 20249 1 0.67322 1.495 0.67289 0.04875
10.969 2.3251e-14 0 -2.0917e-11 35254 20249 1 0.67422 1.495 0.67389 0.04875
10.951 2.34e-14 0 -2.091e-11 35284 20249 1 0.67523 1.495 0.67489 0.04875
10.934 2.3549e-14 0 -2.0904e-11 35314 20249 1 0.67623 1.495 0.67589 0.04875
10.916 2.3698e-14 0 -2.0897e-11 35344 20249 1 0.67723 1.495 0.67689 0.04875
10.899 2.3848e-14 0 -2.089e-11 35375 20249 1 0.67823 1.495 0.67789 0.04875
10.881 2.3997e-14 0 -2.0883e-11 35405 20249 1 0.67923 1.495 0.67889 0.04875
10.864 2.4146e-14 0 -2.0876e-11 35435 20249 1 0.68023 1.495 0.67989 0.04875
10.845 2.4212e-14 0 -2.0875e-11 35465 20549 1 0.68123 1.495 0.68089 0.04875
10.827 2.4268e-14 0 -2.0876e-11 35495 20549 1 0.68223 1.495 0.68189 0.04875
10.809 2.4324e-14 0 -2.0876e-11 35525 20549 1 0.68323 1.495 0.68289 0.04875
10.79 2.438e-14 0 -2.0876e-11 35555 20549 1 0.68423 1.495 0.68389 0.04875
10.772 2.4436e-14 0 -2.0876e-11 35585 20549 1 0.68523 1.495 0.68489 0.04875
10.753 2.4492e-14 0 -2.0876e-11 35615 20549 1 0.68623 1.495 0.6859 0.04875
10.735 2.4547e-14 0 -2.0876e-11 35646 20549 1 0.68723 1.495 0.6869 0.04875
10.716 2.4603e-14 0 -2.0877e-11 35676 20549 1 0.68823 1.495 0.6879 0.04875
10.698 2.4659e-14 0 -2.0877e-11 35706 20549 1 0.68923 1.495 0.6889 0.04875
10.679 2.4715e-14 0 -2.0877e-11 35736 20549 1 0.69023 1.495 0.6899 0.04875
10.66 2.4703e-14 0 -2.0877e-11 35766 20849 1 0.69123 1.495 0.6909 0.04875
10.64 2.4682e-14 0 -2.0878e-11 35796 20849 1 0.69223 1.495 0.6919 0.04875
10.621 2.4661e-14 0 -2.0878e-11 35826 20849 1 0.69323 1.495 0.6929 0.04875
10.601 2.4641e-14 0 -2.0879e-11 35856 20849 1 0.69423 1.495 0.6939 0.04875
10.582 2.462e-14 0 -2.088e-11 35886 20849 1 0.69523 1.495 0.6949 0.04875
10.563 2.4599e-14 0 -2.088e-11 35917 20849 1 0.69623 1.495 0.6959 0.04875
10.543 2.4579e-14 0 -2.0881e-11 35947 20849 1 0.69723 1.495 0.6969 0.04875
10.524 2.4558e-14 0 -2.0881e-11 35977 20849 1 0.69823 1.495 0.6979 0.04875
10.504 2.4538e-14 0 -2.0882e-11 36007 20849 1 0.69923 1.495 0.6989 0.04875
10.485 2.4517e-14 0 -2.0882e-11 36037 20849 1 0.70023 1.495 0.6999 0.04875
10.464 2.4513e-14 0 -2.0884e-11 36067 21149 1 0.70123 1.495 0.7009 0.04875
10.444 2.4511e-14 0 -2.0887e-11 36097 21149 1 0.70223 1.495 0.7019 0.04875
10.423 2.4509e-14 0 -2.0889e-11 36127 21149 1 0.70323 1.495 0.7029 0.04875
10.403 2.4506e-14 0 -2.0891e-11 36157 21149 1 0.70423 1.495 0.7039 0.04875
10.382 2.4504e-14 0 -2.0894e-11 36187 21149 1 0.70524 1.495 0.7049 0.04875
10.362 2.4502e-14 0 -2.0896e-11 36218 21149 1 0.70624 1.495 0.7059 0.04875
10.341 2.45e-14 0 -2.0898e-11 36248 21149 1 0.70724 1.495 0.7069 0.04875
10.321 2.4498e-14 0 -2.0901e-11 36278 21149 1 0.70824 1.495 0.7079 0.04875
10.301 2.4496e-14 0 -2.0903e-11 36308 21149 1 0.70924 1.495 0.7089 0.04875
10.28 2.4493e-14 0 -2.0906e-11 36338 21149 1 0.71024 1.495 0.7099 0.04875
10.259 2.4445e-14 0 -2.091e-11 36368 21449 1 0.71124 1.495 0.7109 0.04875
10.237 2.4391e-14 0 -2.0915e-11 36398 21449 1 0.71224 1.495 0.7119 0.04875
10.216 2.4337e-14 0 -2.0919e-11 36428 21449 1 0.71324 1.495 0.7129 0.04875
10.194 2.4283e-14 0 -2.0924e-11 36458 21449 1 0.71424 1.495 0.7139 0.04875
10.173 2.4229e-14 0 -2.0929e-11 36489 21449 1 0.71524 1.495 0.7149 0.04875
10.151 2.4175e-14 0 -2.0933e-11 36519 21449 1 0.71624 1.495 0.71591 0.04875
10.13 2.4121e-14 0 -2.0938e-11 36549 21449 1 0.71724 1.495 0.71691 0.04875
10.108 2.4067e-14 0 -2.0943e-11 36579 21449 1 0.71824 1.495 0.71791 0.04875
10.087 2.4014e-14 0 -2.0948e-11 36609 21449 1 0.71924 1.495 0.71891 0.04875
10.066 2.396e-14 0 -2.0952e-11 36639 21449 1 0.72024 1.495 0.71991 0.04875
10.043 2.3939e-14 0 -2.0954e-11 36669 21749 1 0.72124 1.495 0.72091 0.04875
10.021 2.3921e-14 0 -2.0956e-11 36699 21749 1 0.72224 1.495 0.72191 0.04875
9.9982 2.3903e-14 0 -2.0958e-11 36729 21749 1 0.72324 1.495 0.72291 0.04875
9.9758 2.3886e-14 0 -2.096e-11 36760 21749 1 0.72424 1.495 0.72391 0.04875
9.9533 2.3868e-14 0 -2.0962e-11 36790 21749 1 0.72524 1.495 0.72491 0.04875
9.9308 2.385e-14 0 -2.0964e-11 36820 21749 1 0.72624 1.495 0.72591 0.04875
9.9084 2.3833e-14 0 -2.0966e-11 36850 21749 1 0.72724 1.495 0.72691 0.04875
9.8859 2.3815e-14 0 -2.0968e-11 36880 21749 1 0.72824 1.495 0.72791 0.04875
9.8634 2.3797e-14 0 -2.097e-11 36910 21749 1 0.72924 1.495 0.72891 0.04875
9.841 2.378e-14 0 -2.0972e-11 36940 21749 1 0.73024 1.495 0.72991 0.04875
9.8176 2.3856e-14 0 -2.0975e-11 36970 22049 1 0.73124 1.495 0.73091 0.04875
9.7941 2.3941e-14 0 -2.0979e-11 37000 22049 1 0.73224 1.495 0.73191 0.04875
9.7707 2.4026e-14 0 -2.0982e-11 37031 22049 1 0.73324 1.495 0.73291 0.04875
9.7472 2.4111e-14 0 -2.0986e-11 37061 22049 1 0.73424 1.495 0.73391 0.04875
9.7238 2.4196e-14 0 -2.0989e-11 37091 22049 1 0.73525 1.495 0.73491 0.04875
9.7003 2.4281e-14 0 -2.0993e-11 37121 22049 1 0.73625 1.495 0.73591 0.04875
9.6768 2.4367e-14 0 -2.0996e-11 37151 22049 1 0.73725 1.495 0.73691 0.04875
9.6534 2.4452e-14 0 -2.1e-11 37181 22049 1 0.73825 1.495 0.73791 0.04875
9.6299 2.4537e-14 0 -2.1003e-11 37211 22049 1 0.73925 1.495 0.73891 0.04875
9.6064 2.4622e-14 0 -2.1007e-11 37241 22049 1 0.74025 1.495 0.73991 0.04875
9.5821 2.4628e-14 0 -2.1014e-11 37271 22349 1 0.74125 1.495 0.74091 0.04875
9.5576 2.4626e-14 0 -2.1022e-11 37302 22349 1 0.74225 1.495 0.74191 0.04875
9.5331 2.4624e-14 0 -2.1029e-11 37332 22349 1 0.74325 1.495 0.74291 0.04875
9.5087 2.4623e-14 0 -2.1037e-11 37362 22349 1 0.74425 1.495 0.74391 0.04875
9.4842 2.4621e-14 0 -2.1044e-11 37392 22349 1 0.74525 1.495 0.74492 0.04875
9.4598 2.4619e-14 0 -2.1052e-11 37422 22349 1 0.74625 1.495 0.74592 0.04875
9.4353 2.4618e-14 0 -2.1059e-11 37452 22349 1 0.74725 1.495 0.74692 0.04875
9.4108 2.4616e-14 0 -2.1067e-11 37482 22349 1 0.74825 1.495 0.74792 0.04875
9.3864 2.4614e-14 0 -2.1075e-11 37512 22349 1 0.74925 1.495 0.74892 0.04875
9.3619 2.4612e-14 0 -2.1082e-11 37542 22349 1 0.75025 1.495 0.74992 0.04875
9.3365 2.4524e-14 0 -2.1086e-11 37573 22649 1 0.75125 1.495 0.75092 0.04875
9.3111 2.4427e-14 0 -2.109e-11 37603 22649 1 0.75225 1.495 0.75192 0.04875
9.2856 2.433e-14 0 -2.1093e-11 37633 22649 1 0.75325 1.495 0.75292 0.04875
9.2602 2.4234e-14 0 -2.1097e-11 37663 22649 1 0.75425 1.495 0.75392 0.04875
9.2347 2.4137e-14 0 -2.11e-11 37693 22649 1 0.75525 1.495 0.75492 0.04875
9.2092 2.404e-14 0 -2.1104e-11 37723 22649 1 0.75625 1.495 0.75592 0.04875
9.1838 2.3944e-14 0 -2.1108e-11 37753 22649 1 0.75725 1.495 0.75692 0.04875
9.1583 2.3847e-14 0 -2.1111e-11 37783 22649 1 0.75825 1.495 0.75792 0.04875
9.1329 2.375e-14 0 -2.1115e-11 37813 22649 1 0.75925 1.495 0.75892 0.04875
9.1074 2.3654e-14 0 -2.1118e-11 37844 22649 1 0.76025 1.495 0.75992 0.04875
9.081 2.3587e-14 0 -2.1116e-11 37874 22949 1 0.76125 1.495 0.76092 0.04875
9.0546 2.3523e-14 0 -2.1113e-11 37904 22949 1 0.76225 1.495 0.76192 0.04875
9.0281 2.3458e-14 0 -2.111e-11 37934 22949 1 0.76325 1.495 0.76292 0.04875
9.0016 2.3394e-14 0 -2.1106e-11 37964 22949 1 0.76425 1.495 0.76392 0.04875
8.9752 2.333e-14 0 -2.1103e-11 37994 22949 1 0.76526 1.495 0.76492 0.04875
8.9487 2.3266e-14 0 -2.11e-11 38024 22949 1 0.76626 1.495 0.76592 0.04875
8.9223 2.3201e-14 0 -2.1097e-11 38054 22949 1 0.76726 1.495 0.76692 0.04875
8.8958 2.3137e-14 0 -2.1094e-11 38084 22949 1 0.76826 1.495 0.76792 0.04875
8.8693 2.3073e-14 0 -2.1091e-11 38115 22949 1 0.76926 1.495 0.76892 0.04875
8.8429 2.3009e-14 0 -2.1088e-11 38145 22949 1 0.77026 1.495 0.76992 0.04875
8.8155 2.2879e-14 0 -2.1086e-11 38175 23249 1 0.77126 1.495 0.77092 0.04875
8.788 2.2744e-14 0 -2.1083e-11 38205 23249 1 0.77226 1.495 0.77192 0.04875
8.7606 2.2609e-14 0 -2.1081e-11 38235 23249 1 0.77326 1.495 0.77292 0.04875
8.7331 2.2474e-14 0 -2.1079e-11 38265 23249 1 0.77426 1.495 0.77392 0.04875
8.7057 2.2339e-14 0 -2.1077e-11 38295 23249 1 0.77526 1.495 0.77492 0.04875
8.6782 2.2204e-14 0 -2.1075e-11 38325 23249 1 0.77626 1.495 0.77593 0.04875
8.6508 2.2069e-14 0 -2.1073e-11 38355 23249 1 0.77726 1.495 0.77693 0.04875
8.6233 2.1934e-14 0 -2.107e-11 38386 23249 1 0.77826 1.495 0.77793 0.04875
8.5958 2.1799e-14 0 -2.1068e-11 38416 23249 1 0.77926 1.495 0.77893 0.04875
8.5684 2.1664e-14 0 -2.1066e-11 38446 23249 1 0.78026 1.495 0.77993 0.04875
8.54 2.1487e-14 0 -2.1064e-11 38476 23549 1 0.78126 1.495 0.78093 0.04875
8.5115 2.1308e-14 0 -2.1063e-11 38506 23549 1 0.78226 1.495 0.78193 0.04875
8.4831 2.1128e-14 0 -2.1061e-11 38536 23549 1 0.78326 1.495 0.78293 0.04875
8.4546 2.0948e-14 0 -2.1059e-11 38566 23549 1 0.78426 1.495 0.78393 0.04875
8.4262 2.0769e-14 0 -2.1058e-11 38596 23549 1 0.78526 1.495 0.78493 0.04875
8.3977 2.0589e-14 0 -2.1056e-11 38626 23549 1 0.78626 1.495 0.78593 0.04875
8.3693 2.0409e-14 0 -2.1055e-11 38657 23549 1 0.78726 1.495 0.78693 0.04875
8.3408 2.023e-14 0 -2.1053e-11 38687 23549 1 0.78826 1.495 0.78793 0.04875
8.3123 2.005e-14 0 -2.1051e-11 38717 23549 1 0.78926 1.495 0.78893 0.04875
8.2839 1.987e-14 0 -2.105e-11 38747 23549 1 0.79026 1.495 0.78993 0.04875
8.2545 1.9782e-14 0 -2.1049e-11 38777 23849 1 0.79126 1.495 0.79093 0.04875
8.225 1.97e-14 0 -2.1049e-11 38807 23849 1 0.79226 1.495 0.79193 0.04875
8.1956 1.9618e-14 0 -2.1048e-11 38837 23849 1 0.79326 1.495 0.79293 0.04875
8.1661 1.9536e-14 0 -2.1048e-11 38867 23849 1 0.79426 1.495 0.79393 0.04875
8.1367 1.9454e-14 0 -2.1047e-11 38897 23849 1 0.79527 1.495 0.79493 0.04875
8.1072 1.9372e-14 0 -2.1047e-11 38928 23849 1 0.79627 1.495 0.79593 0.04875
8.0778 1.929e-14 0 -2.1046e-11 38958 23849 1 0.79727 1.495 0.79693 0.04875
8.0483 1.9208e-14 0 -2.1046e-11 38988 23849 1 0.79827 1.495 0.79793 0.04875
8.0189 1.9126e-14 0 -2.1045e-11 39018 23849 1 0.79927 1.495 0.79893 0.04875
7.9894 1.9044e-14 0 -2.1045e-11 39048 23849 1 0.80027 1.495 0.79993 0.04875
7.959 1.8984e-14 0 -2.1044e-11 39078 24149 1 0.80127 1.495 0.80093 0.04875
7.9286 1.8926e-14 0 -2.1043e-11 39108 24149 1 0.80227 1.495 0.80193 0.04875
7.8981 1.8867e-14 0 -2.1043e-11 39138 24149 1 0.80327 1.495 0.80293 0.04875
7.8676 1.8809e-14 0 -2.1042e-11 39168 24149 1 0.80427 1.495 0.80393 0.04875
7.8372 1.875e-14 0 -2.1042e-11 39198 24149 1 0.80527 1.495 0.80493 0.04875
7.8067 1.8692e-14 0 -2.1041e-11 39229 24149 1 0.80627 1.495 0.80594 0.04875
7.7763 1.8633e-14 0 -2.104e-11 39259 24149 1 0.80727 1.495 0.80694 0.04875
7.7458 1.8575e-14 0 -2.104e-11 39289 24149 1 0.80827 1.495 0.80794 0.04875
7.7154 1.8516e-14 0 -2.1039e-11 39319 24149 1 0.80927 1.495 0.80894 0.04875
7.6849 1.8458e-14 0 -2.1039e-11 39349 24149 1 0.81027 1.495 0.80994 0.04875
7.6535 1.8364e-14 0 -2.1035e-11 39379 24449 1 0.81127 1.495 0.81094 0.04875
7.6221 1.8267e-14 0 -2.103e-11 39409 24449 1 0.81227 1.495 0.81194 0.04875
7.5906 1.8171e-14 0 -2.1026e-11 39439 24449 1 0.81327 1.495 0.81294 0.04875
7.5592 1.8074e-14 0 -2.1022e-11 39469 24449 1 0.81427 1.495 0.81394 0.04875
7.5277 1.7977e-14 0 -2.1018e-11 39500 24449 1 0.81527 1.495 0.81494 0.04875
7.4962 1.7881e-14 0 -2.1013e-11 39530 24449 1 0.81627 1.495 0.81594 0.04875
7.4648 1.7784e-14 0 -2.1009e-11 39560 24449 1 0.81727 1.495 0.81694 0.04875
7.4333 1.7688e-14 0 -2.1005e-11 39590 24449 1 0.81827 1.495 0.81794 0.04875
7.4019 1.7591e-14 0 -2.1001e-11 39620 24449 1 0.81927 1.495 0.81894 0.04875
7.3704 1.7494e-14 0 -2.0996e-11 39650 24449 1 0.82027 1.495 0.81994 0.04875
7.338 1.7388e-14 0 -2.0994e-11 39680 24749 1 0.82127 1.495 0.82094 0.04875
7.3056 1.7281e-14 0 -2.0992e-11 39710 24749 1 0.82227 1.495 0.82194 0.04875
7.2731 1.7173e-14 0 -2.099e-11 39740 24749 1 0.82327 1.495 0.82294 0.04875
7.2407 1.7066e-14 0 -2.0988e-11 39771 24749 1 0.82427 1.495 0.82394 0.04875
7.2082 1.6959e-14 0 -2.0986e-11 39801 24749 1 0.82528 1.495 0.82494 0.04875
7.1758 1.6852e-14 0 -2.0983e-11 39831 24749 1 0.82628 1.495 0.82594 0.04875
7.1433 1.6745e-14 0 -2.0981e-11 39861 24749 1 0.82728 1.495 0.82694 0.04875
7.1109 1.6637e-14 0 -2.0979e-11 39891 24749 1 0.82828 1.495 0.82794 0.04875
7.0784 1.653e-14 0 -2.0977e-11 39921 24749 1 0.82928 1.495 0.82894 0.04875
7.046 1.6423e-14 0 -2.0975e-11 39951 24749 1 0.83028 1.495 0.82994 0.04875
7.0126 1.6283e-14 0 -2.0974e-11 39981 25049 1 0.83128 1.495 0.83094 0.04875
6.9791 1.6141e-14 0 -2.0973e-11 40011 25049 1 0.83228 1.495 0.83194 0.04875
6.9457 1.5998e-14 0 -2.0972e-11 40042 25049 1 0.83328 1.495 0.83294 0.04875
6.9122 1.5856e-14 0 -2.0971e-11 40072 25049 1 0.83428 1.495 0.83394 0.04875
6.8787 1.5714e-14 0 -2.097e-11 40102 25049 1 0.83528 1.495 0.83495 0.04875
6.8453 1.5572e-14 0 -2.0969e-11 40132 25049 1 0.83628 1.495 0.83595 0.04875
6.8118 1.543e-14 0 -2.0968e-11 40162 25049 1 0.83728 1.495 0.83695 0.04875
6.7784 1.5288e-14 0 -2.0967e-11 40192 25049 1 0.83828 1.495 0.83795 0.04875
6.7449 1.5146e-14 0 -2.0966e-11 40222 25049 1 0.83928 1.495 0.83895 0.04875
6.7115 1.5004e-14 0 -2.0965e-11 40252 25049 1 0.84028 1.495 0.83995 0.04875
6.6771 1.483e-14 0 -2.0964e-11 40282 25349 1 0.84128 1.495 0.84095 0.04875
6.6426 1.4655e-14 0 -2.0962e-11 40313 25349 1 0.84228 1.495 0.84195 0.04875
6.6082 1.448e-14 0 -2.096e-11 40343 25349 1 0.84328 1.495 0.84295 0.04875
6.5737 1.4305e-14 0 -2.0958e-11 40373 25349 1 0.84428 1.495 0.84395 0.04875
6.5393 1.413e-14 0 -2.0956e-11 40403 25349 1 0.84528 1.495 0.84495 0.04875
6.5048 1.3955e-14 0 -2.0954e-11 40433 25349 1 0.84628 1.495 0.84595 0.04875
6.4704 1.378e-14 0 -2.0952e-11 40463 25349 1 0.84728 1.495 0.84695 0.04875
6.4359 1.3605e-14 0 -2.095e-11 40493 25349 1 0.84828 1.495 0.84795 0.04875
6.4015 1.343e-14 0 -2.0948e-11 40523 25349 1 0.84928 1.495 0.84895 0.04875
6.367 1.3255e-14 0 -2.0947e-11 40553 25349 1 0.85028 1.495 0.84995 0.04875
6.3316 1.3037e-14 0 -2.0946e-11 40584 25649 1 0.85128 1.495 0.85095 0.04875
6.2962 1.2817e-14 0 -2.0945e-11 40614 25649 1 0.85228 1.495 0.85195 0.04875
6.2607 1.2597e-14 0 -2.0945e-11 40644 25649 1 0.85328 1.495 0.85295 0.04875
6.2253 1.2377e-14 0 -2.0944e-11 40674 25649 1 0.85428 1.495 0.85395 0.04875
6.1898 1.2158e-14 0 -2.0944e-11 40704 25649 1 0.85529 1.495 0.85495 0.04875
6.1544 1.1938e-14 0 -2.0943e-11 40734 25649 1 0.85629 1.495 0.85595 0.04875
6.1189 1.1718e-14 0 -2.0943e-11 40764 25649 1 0.85729 1.495 0.85695 0.04875
6.0835 1.1498e-14 0 -2.0942e-11 40794 25649 1 0.85829 1.495 0.85795 0.04875
6.048 1.1278e-14 0 -2.0942e-11 40824 25649 1 0.85929 1.495 0.85895 0.04875
6.0125 1.1058e-14 0 -2.0941e-11 40855 25649 1 0.86029 1.495 0.85995 0.04875
5.9761 1.0839e-14 0 -2.0939e-11 40885 25949 1 0.86129 1.495 0.86095 0.04875
5.9397 1.062e-14 0 -2.0936e-11 40915 25949 1 0.86229 1.495 0.86195 0.04875
5.9032 1.0402e-14 0 -2.0933e-11 40945 25949 1 0.86329 1.495 0.86295 0.04875
5.8668 1.0183e-14 0 -2.0931e-11 40975 25949 1 0.86429 1.495 0.86395 0.04875
5.8303 9.9639e-15 0 -2.0928e-11 41005 25949 1 0.86529 1.495 0.86496 0.04875
5.7939 9.745e-15 0 -2.0925e-11 41035 25949 1 0.86629 1.495 0.86596 0.04875
5.7574 9.5261e-15 0 -2.0922e-11 41065 25949 1 0.86729 1.495 0.86696 0.04875
5.721 9.3073e-15 0 -2.092e-11 41095 25949 1 0.86829 1.495 0.86796 0.04875
5.6845 9.0884e-15 0 -2.0917e-11 41126 25949 1 0.86929 1.495 0.86896 0.04875
5.6481 8.8695e-15 0 -2.0914e-11 41156 25949 1 0.87029 1.495 0.86996 0.04875
5.6107 8.7287e-15 0 -2.0912e-11 41186 26249 1 0.87129 1.495 0.87096 0.04875
5.5732 8.5914e-15 0 -2.091e-11 41216 26249 1 0.87229 1.495 0.87196 0.04875
5.5358 8.454e-15 0 -2.0907e-11 41246 26249 1 0.87329 1.495 0.87296 0.04875
5.4983 8.3167e-15 0 -2.0905e-11 41276 26249 1 0.87429 1.495 0.87396 0.04875
5.4609 8.1794e-15 0 -2.0902e-11 41306 26249 1 0.87529 1.495 0.87496 0.04875
5.4234 8.0421e-15 0 -2.09e-11 41336 26249 1 0.87629 1.495 0.87596 0.04875
5.386 7.9048e-15 0 -2.0897e-11 41366 26249 1 0.87729 1.495 0.87696 0.04875
5.3485 7.7675e-15 0 -2.0895e-11 41397 26249 1 0.87829 1.495 0.87796 0.04875
5.3111 7.6301e-15 0 -2.0893e-11 41427 26249 1 0.87929 1.495 0.87896 0.04875
5.2736 7.4928e-15 0 -2.089e-11 41457 26249 1 0.88029 1.495 0.87996 0.04875
5.2352 7.3784e-15 0 -2.089e-11 41487 26549 1 0.88129 1.495 0.88096 0.04875
5.1968 7.265e-15 0 -2.0891e-11 41517 26549 1 0.88229 1.495 0.88196 0.04875
5.1583 7.1516e-15 0 -2.0891e-11 41547 26549 1 0.88329 1.495 0.88296 0.04875
5.1199 7.0381e-15 0 -2.0891e-11 41577 26549 1 0.88429 1.495 0.88396 0.04875
5.0814 6.9247e-15 0 -2.0892e-11 41607 26549 1 0.8853 1.495 0.88496 0.04875
5.043 6.8113e-15 0 -2.0892e-11 41637 26549 1 0.8863 1.495 0.88596 0.04875
5.0045 6.6978e-15 0 -2.0892e-11 41668 26549 1 0.8873 1.495 0.88696 0.04875
4.9661 6.5844e-15 0 -2.0893e-11 41698 26549 1 0.8883 1.495 0.88796 0.04875
4.9276 6.471e-15 0 -2.0893e-11 41728 26549 1 0.8893 1.495 0.88896 0.04875
4.8892 6.3575e-15 0 -2.0893e-11 41758 26549 1 0.8903 1.495 0.88996 0.04875
4.8498 6.2232e-15 0 -2.0894e-11 41788 26849 1 0.8913 1.495 0.89096 0.04875
4.8103 6.0881e-15 0 -2.0895e-11 41818 26849 1 0.8923 1.495 0.89196 0.04875
4.7709 5.953e-15 0 -2.0896e-11 41848 26849 1 0.8933 1.495 0.89296 0.04875
4.7314 5.8178e-15 0 -2.0896e-11 41878 26849 1 0.8943 1.495 0.89396 0.04875
4.692 5.6827e-15 0 -2.0897e-11 41908 26849 1 0.8953 1.495 0.89496 0.04875
4.6525 5.5476e-15 0 -2.0898e-11 41939 26849 1 0.8963 1.495 0.89597 0.04875
4.6131 5.4124e-15 0 -2.0899e-11 41969 26849 1 0.8973 1.495 0.89697 0.04875
4.5736 5.2773e-15 0 -2.09e-11 41999 26849 1 0.8983 1.495 0.89797 0.04875
4.5342 5.1422e-15 0 -2.09e-11 42029 26849 1 0.8993 1.495 0.89897 0.04875
4.4947 5.0071e-15 0 -2.0901e-11 42059 26849 1 0.9003 1.495 0.89997 0.04875
4.4543 4.8824e-15 0 -2.0902e-11 42089 27149 1 0.9013 1.495 0.90097 0.04875
4.4138 4.758e-15 0 -2.0903e-11 42119 27149 1 0.9023 1.495 0.90197 0.04875
4.3734 4.6337e-15 0 -2.0903e-11 42149 27149 1 0.9033 1.495 0.90297 0.04875
4.3329 4.5094e-15 0 -2.0904e-11 42179 27149 1 0.9043 1.495 0.90397 0.04875
4.2925 4.385e-15 0 -2.0904e-11 42209 27149 1 0.9053 1.495 0.90497 0.04875
4.252 4.2607e-15 0 -2.0905e-11 42240 27149 1 0.9063 1.495 0.90597 0.04875
4.2116 4.1363e-15 0 -2.0906e-11 42270 27149 1 0.9073 1.495 0.90697 0.04875
4.1711 4.012e-15 0 -2.0906e-11 42300 27149 1 0.9083 1.495 0.90797 0.04875
4.1307 3.8877e-15 0 -2.0907e-11 42330 27149 1 0.9093 1.495 0.90897 0.04875
4.0902 3.7633e-15 0 -2.0907e-11 42360 27149 1 0.9103 1.495 0.90997 0.04875
4.0488 3.6778e-15 0 -2.0906e-11 42390 27449 1 0.9113 1.495 0.91097 0.04875
4.0074 3.5936e-15 0 -2.0905e-11 42420 27449 1 0.9123 1.495 0.91197 0.04875
3.9659 3.5093e-15 0 -2.0904e-11 42450 27449 1 0.9133 1.495 0.91297 0.04875
3.9245 3.425e-15 0 -2.0902e-11 42480 27449 1 0.9143 1.495 0.91397 0.04875
3.883 3.3407e-15 0 -2.0901e-11 42511 27449 1 0.91531 1.495 0.91497 0.04875
3.8416 3.2564e-15 0 -2.09e-11 42541 27449 1 0.91631 1.495 0.91597 0.04875
3.8001 3.1722e-15 0 -2.0898e-11 42571 27449 1 0.91731 1.495 0.91697 0.04875
3.7587 3.0879e-15 0 -2.0897e-11 42601 27449 1 0.91831 1.495 0.91797 0.04875
3.7172 3.0036e-15 0 -2.0896e-11 42631 27449 1 0.91931 1.495 0.91897 0.04875
3.6758 2.9193e-15 0 -2.0894e-11 42661 27449 1 0.92031 1.495 0.91997 0.04875
3.6334 2.8634e-15 0 -2.0893e-11 42691 27749 1 0.92131 1.495 0.92097 0.04875
3.5909 2.8083e-15 0 -2.0892e-11 42721 27749 1 0.92231 1.495 0.92197 0.04875
3.5485 2.7531e-15 0 -2.0892e-11 42751 27749 1 0.92331 1.495 0.92297 0.04875
3.506 2.698e-15 0 -2.0891e-11 42782 27749 1 0.92431 1.495 0.92397 0.04875
3.4636 2.6429e-15 0 -2.089e-11 42812 27749 1 0.92531 1.495 0.92497 0.04875
3.4211 2.5877e-15 0 -2.0889e-11 42842 27749 1 0.92631 1.495 0.92598 0.04875
3.3787 2.5326e-15 0 -2.0888e-11 42872 27749 1 0.92731 1.495 0.92698 0.04875
3.3362 2.4775e-15 0 -2.0887e-11 42902 27749 1 0.92831 1.495 0.92798 0.04875
3.2938 2.4223e-15 0 -2.0886e-11 42932 27749 1 0.92931 1.495 0.92898 0.04875
3.2513 2.3672e-15 0 -2.0885e-11 42962 27749 1 0.93031 1.495 0.92998 0.04875
3.2079 2.3024e-15 0 -2.0884e-11 42992 28049 1 0.93131 1.495 0.93098 0.04875
3.1645 2.2374e-15 0 -2.0883e-11 43022 28049 1 0.93231 1.495 0.93198 0.04875
3.121 2.1724e-15 0 -2.0882e-11 43053 28049 1 0.93331 1.495 0.93298 0.04875
3.0776 2.1074e-15 0 -2.0881e-11 43083 28049 1 0.93431 1.495 0.93398 0.04875
3.0341 2.0424e-15 0 -2.088e-11 43113 28049 1 0.93531 1.495 0.93498 0.04875
2.9907 1.9774e-15 0 -2.0879e-11 43143 28049 1 0.93631 1.495 0.93598 0.04875
2.9472 1.9124e-15 0 -2.0879e-11 43173 28049 1 0.93731 1.495 0.93698 0.04875
2.9038 1.8474e-15 0 -2.0878e-11 43203 28049 1 0.93831 1.495 0.93798 0.04875
2.8603 1.7824e-15 0 -2.0877e-11 43233 28049 1 0.93931 1.495 0.93898 0.04875
2.8169 1.7174e-15 0 -2.0876e-11 43263 28049 1 0.94031 1.495 0.93998 0.04875
2.7724 1.6596e-15 0 -2.0874e-11 43293 28349 1 0.94131 1.495 0.94098 0.04875
2.728 1.602e-15 0 -2.0873e-11 43324 28349 1 0.94231 1.495 0.94198 0.04875
2.6835 1.5444e-15 0 -2.0872e-11 43354 28349 1 0.94331 1.495 0.94298 0.04875
2.6391 1.4867e-15 0 -2.087e-11 43384 28349 1 0.94431 1.495 0.94398 0.04875
2.5946 1.4291e-15 0 -2.0869e-11 43414 28349 1 0.94532 1.495 0.94498 0.04875
2.5502 1.3715e-15 0 -2.0868e-11 43444 28349 1 0.94632 1.495 0.94598 0.04875
2.5057 1.3139e-15 0 -2.0866e-11 43474 28349 1 0.94732 1.495 0.94698 0.04875
2.4613 1.2562e-15 0 -2.0865e-11 43504 28349 1 0.94832 1.495 0.94798 0.04875
2.4168 1.1986e-15 0 -2.0863e-11 43534 28349 1 0.94932 1.495 0.94898 0.04875
2.3724 1.141e-15 0 -2.0862e-11 43564 28349 1 0.95032 1.495 0.94998 0.04875
2.327 1.1287e-15 0 -2.0862e-11 43595 28649 1 0.95132 1.495 0.95098 0.04875
2.2815 1.1171e-15 0 -2.0861e-11 43625 28649 1 0.95232 1.495 0.95198 0.04875
2.2361 1.1055e-15 0 -2.0861e-11 43655 28649 1 0.95332 1.495 0.95298 0.04875
2.1906 1.094e-15 0 -2.0861e-11 43685 28649 1 0.95432 1.495 0.95398 0.04875
2.1452 1.0824e-15 0 -2.0861e-11 43715 28649 1 0.95532 1.495 0.95499 0.04875
2.0997 1.0709e-15 0 -2.086e-11 43745 28649 1 0.95632 1.495 0.95599 0.04875
2.0543 1.0593e-15 0 -2.086e-11 43775 28649 1 0.95732 1.495 0.95699 0.04875
2.0088 1.0477e-15 0 -2.086e-11 43805 28649 1 0.95832 1.495 0.95799 0.04875
1.9634 1.0362e-15 0 -2.086e-11 43835 28649 1 0.95932 1.495 0.95899 0.04875
1.9179 1.0246e-15 0 -2.0859e-11 43866 28649 1 0.96032 1.495 0.95999 0.04875
1.8715 1.0355e-15 0 -2.086e-11 43896 28949 1 0.96132 1.495 0.96099 0.04875
1.825 1.0467e-15 0 -2.086e-11 43926 28949 1 0.96232 1.495 0.96199 0.04875
1.7786 1.0578e-15 0 -2.086e-11 43956 28949 1 0.96332 1.495 0.96299 0.04875
1.7321 1.069e-15 0 -2.0861e-11 43986 28949 1 0.96432 1.495 0.96399 0.04875
1.6857 1.0802e-15 0 -2.0861e-11 44016 28949 1 0.96532 1.495 0.96499 0.04875
1.6392 1.0913e-15 0 -2.0861e-11 44046 28949 1 0.96632 1.495 0.96599 0.04875
1.5928 1.1025e-15 0 -2.0862e-11 44076 28949 1 0.96732 1.495 0.96699 0.04875
1.5464 1.1136e-15 0 -2.0862e-11 44106 28949 1 0.96832 1.495 0.96799 0.04875
1.4999 1.1248e-15 0 -2.0863e-11 44137 28949 1 0.96932 1.495 0.96899 0.04875
1.4535 1.136e-15 0 -2.0863e-11 44167 28949 1 0.97032 1.495 0.96999 0.04875
1.406 1.1283e-15 0 -2.0863e-11 44197 29249 1 0.97132 1.495 0.97099 0.04875
1.3586 1.1204e-15 0 -2.0862e-11 44227 29249 1 0.97232 1.495 0.97199 0.04875
1.3111 1.1125e-15 0 -2.0862e-11 44257 29249 1 0.97332 1.495 0.97299 0.04875
1.2637 1.1047e-15 0 -2.0862e-11 44287 29249 1 0.97432 1.495 0.97399 0.04875
1.2162 1.0968e-15 0 -2.0862e-11 44317 29249 1 0.97533 1.495 0.97499 0.04875
1.1688 1.0889e-15 0 -2.0861e-11 44347 29249 1 0.97633 1.495 0.97599 0.04875
1.1213 1.081e-15 0 -2.0861e-11 44377 29249 1 0.97733 1.495 0.97699 0.04875
1.0739 1.0732e-15 0 -2.0861e-11 44408 29249 1 0.97833 1.495 0.97799 0.04875
1.0264 1.0653e-15 0 -2.0861e-11 44438 29249 1 0.97933 1.495 0.97899 0.04875
0.97897 1.0574e-15 0 -2.086e-11 44468 29249 1 0.98033 1.495 0.97999 0.04875
0.93053 1.0294e-15 0 -2.086e-11 44498 29549 1 0.98133 1.495 0.98099 0.04875
0.88208 1.0012e-15 0 -2.086e-11 44528 29549 1 0.98233 1.495 0.98199 0.04875
0.83363 9.7301e-16 0 -2.086e-11 44558 29549 1 0.98333 1.495 0.98299 0.04875
0.78518 9.4483e-16 0 -2.0859e-11 44588 29549 1 0.98433 1.495 0.98399 0.04875
0.73674 9.1664e-16 0 -2.0859e-11 44618 29549 1 0.98533 1.495 0.985 0.04875
0.68829 8.8846e-16 0 -2.0859e-11 44648 29549 1 0.98633 1.495 0.986 0.04875
0.63984 8.6027e-16 0 -2.0859e-11 44679 29549 1 0.98733 1.495 0.987 0.04875
0.59139 8.3209e-16 0 -2.0858e-11 44709 29549 1 0.98833 1.495 0.988 0.04875
0.54294 8.0391e-16 0 -2.0858e-11 44739 29549 1 0.98933 1.495 0.989 0.04875
0.49449 7.7572e-16 0 -2.0858e-11 44769 29549 1 0.99033 1.495 0.99 0.04875
0.44504 6.983e-16 0 -2.0858e-11 44799 29849 1 0.99133 1.495 0.991 0.04875
0.39559 6.2071e-16 0 -2.0859e-11 44829 29849 1 0.99233 1.495 0.992 0.04875
0.34615 5.4312e-16 0 -2.0859e-11 44859 29849 1 0.99333 1.495 0.993 0.04875
0.2967 4.6553e-16 0 -2.086e-11 44889 29849 1 0.99433 1.495 0.994 0.04875
0.24725 3.8794e-16 0 -2.086e-11 44919 29849 1 0.99533 1.495 0.995 0.04875
0.1978 3.1035e-16 0 -2.086e-11 44950 29849 1 0.99633 1.495 0.996 0.04875
0.14835 2.3276e-16 0 -2.0861e-11 44980 29849 1 0.99733 1.495 0.997 0.04875
0.0989 1.5518e-16 0 -2.0861e-11 45010 29849 1 0.99833 1.495 0.998 0.04875
0.04945 7.759e-17 0 -2.0862e-11 45040 29849 1 0.99933 1.495 0.999 0.04875
0 0 0 -2.0862e-11 45070 29849 1 1.0003 1.495 1 0.04875
